73.8754 -26.4833 3230.59
122.623 -28.6399 3229.62
171.516 -30.7149 3229.35
220.229 -33.0132 3229.15
268.861 -35.0469 3228.16
317.319 -37.0149 3227.53
363.978 -38.6716 3214.47
25.3019 -24.3008 3230.14
-23.8541 -22.6494 3230.38
-71.9191 -20.1855 3231.73
-121.153 -17.9556 3231.12
-169.732 -15.6257 3230.91
-218.509 -14.4591 3229.24
71.7322 -75.144 3229.85
69.6059 -123.959 3228.57
67.8969 -172.535 3227.21
65.4247 -221.464 3226.01
64.0215 -270.676 3225
61.9 -319.46 3224.22
59.799 -368.193 3223.55
57.6471 -416.95 3222.4
55.6254 -465.669 3220.97
53.7418 -514.115 3220.67
51.4669 -563.038 3218.92
76.1603 22.4963 3230.93
78.1906 71.2355 3231.55
80.294 119.977 3232.59
82.455 168.595 3233.51
84.1577 217.413 3234.52
86.2565 266.188 3234.81
38.7405 -23.4843 4360.25
86.6657 -25.788 4359.14
134.692 -28.0012 4358.55
182.56 -30.4201 4358.4
230.343 -32.6089 4357.09
277.943 -34.7289 4356.17
325.269 -36.7301 4355.1
-9.01182 -21.298 4360.99
-56.5782 -19.4591 4362.13
-104.627 -16.9144 4363.32
-153.015 -14.6324 4363.18
-200.833 -12.3972 4363.62
-248.974 -10.9685 4364.42
36.4222 -71.4946 4360.65
34.1581 -119.519 4359.71
32.376 -167.158 4358.46
29.7674 -215.352 4357.32
28.235 -263.733 4356.52
26.0062 -311.672 4355.93
23.7817 -359.599 4355.37
21.5172 -407.557 4354.34
19.3581 -455.494 4353.39
17.3553 -503.165 4353.13
14.9791 -551.294 4351.66
41.0532 24.4829 4361.98
43.2381 72.4288 4362.28
45.4649 120.337 4363.32
47.7818 168.114 4364.09
49.6114 216.101 4365.23
51.8264 264.053 4365.2
5.85298 -19.6725 5411.26
53.0006 -21.9793 5410.42
100.261 -24.2303 5409.17
147.397 -26.7096 5407.79
194.408 -28.8767 5407.08
241.241 -31.0305 5405.54
287.777 -33.0504 5403.9
-41.1602 -17.461 5412.94
-87.9739 -15.5751 5414.54
-135.351 -13.0197 5416.5
-182.944 -10.751 5416.69
-230.05 -8.48797 5417.82
-277.161 -6.30164 5419.65
3.42156 -66.9302 5412.38
1.12256 -114.218 5410.98
-0.655433 -161.111 5409.93
-3.26027 -208.455 5408.8
-4.80493 -256.104 5408.23
-7.06966 -303.313 5407.44
-9.29799 -350.389 5406.76
-11.5743 -397.567 5405.89
-13.7677 -444.796 5405.19
-15.7707 -491.65 5404.75
-18.2036 -539.04 5403.26
8.12762 27.5594 5413.29
10.3613 74.7317 5413.94
12.6245 121.867 5414.69
14.9257 168.929 5416.04
16.7877 216.112 5416.59
19.0496 263.272 5416.8
-29.9116 -23.3739 6475.18
16.6761 -25.4952 6471.54
63.2819 -27.5617 6468.87
109.744 -29.8236 6466.79
156.133 -31.8761 6463.5
202.327 -33.8909 6460.52
248.231 -35.8273 6457.34
-75.8845 -20.7931 6469.74
-121.961 -18.9002 6470.96
-168.509 -16.4275 6472.7
-215.335 -14.2213 6473.05
-261.66 -12.0005 6473.82
-308.054 -9.89464 6475.81
-31.5371 -69.2766 6462.73
-33.6819 -115.807 6460.91
-35.3453 -161.841 6458.09
-37.7443 -208.382 6455.26
-39.2127 -255.091 6453.41
-41.3383 -301.5 6452.24
-43.4614 -347.845 6451.06
-45.655 -394.259 6449.68
-47.7129 -440.663 6448.36
-49.6431 -486.748 6447.84
-51.9439 -533.326 6445.89
-26.6499 23.6875 6456.03
-24.4667 70.0284 6456.19
-22.2787 116.34 6457.11
-20.0496 162.554 6457.67
-18.2409 208.93 6458.54
-16.1026 255.293 6458.56
-61.0774 -19.1126 7474.24
-15.463 -21.3549 7471.76
30.2465 -23.4606 7469.62
75.8107 -25.7833 7467.64
121.293 -27.9079 7464.54
166.606 -29.9507 7461.49
211.644 -31.8721 7459.73
-106.45 -17.1306 7474.61
-151.73 -15.2854 7477.4
-197.507 -12.8724 7479.79
-243.544 -10.762 7481.62
-289.064 -8.62768 7483.55
-334.706 -6.59803 7486.53
-63.2353 -65.062 7472.63
-65.1084 -111.199 7471.77
-67.1005 -156.053 7470.66
-69.5812 -201.833 7469.58
-73.1572 -293.462 7468.35
-75.2834 -339.01 7467.64
-77.4319 -384.607 7466.2
-79.5286 -430.298 7466.16
-81.4436 -475.597 7465.74
-83.7217 -521.483 7464.89
-58.7369 26.1745 7473.38
-56.578 71.7254 7473.83
-54.3942 117.274 7474.23
-52.182 162.701 7475.25
-50.4431 208.299 7476.46
-48.3245 253.882 7476.52

-91.9859 -16.5509 8423.04
-47.0259 -18.7726 8420.12
-2.04015 -20.9333 8418.43
42.8214 -23.2897 8416.17
87.5956 -25.4326 8413.41
132.117 -27.7721 8410.22
176.571 -29.8393 8408.81
-136.716 -14.9024 8425.71
-181.4 -13.2225 8428.36
-226.349 -10.7258 8432.01
-271.365 -8.52567 8433.65
-316.499 -6.38514 8436.56
-361.627 -4.6602 8439.19
-93.5852 -62.3978 8423.22
-95.9807 -107.005 8422.28
-98.1302 -151.782 8421.78
-100.5 -196.836 8421.11
-102.261 -241.979 8420.43
-104.278 -286.859 8419.3
-106.515 -331.791 8419.2
-108.946 -376.72 8418.47
-110.766 -421.616 8417.48
-112.754 -466.411 8417.59
-115.044 -511.327 8416.28
-89.563 27.4896 8425.31
-87.4503 72.2552 8425.31
-85.6671 116.948 8426.04
-83.4363 161.957 8425.89
-81.1505 206.475 8427.68
-79.3361 251.421 8428.02
