-1.5900 -262.3000 1787.2086
50.1900 -262.1300 1787.5809
102.1400 -261.8800 1788.7174
153.9200 -261.8700 1789.9423
205.5700 -261.5900 1790.2850
257.0500 -261.2500 1791.0101
306.1700 -260.6400 1778.0267
-53.2400 -262.4200 1785.2783
-105.4500 -263.1200 1784.1025
-156.5100 -262.9300 1784.1613
-208.8600 -263.0400 1782.0448
-260.5100 -263.0100 1780.3789
-312.3700 -264.1900 1777.1250
-1.5100 -313.0100 1787.3163
-1.4200 -363.8900 1786.8265
-0.9000 -414.4900 1786.2681
-1.1700 -465.5000 1785.8663
-0.2900 -516.7600 1785.6997
-0.1800 -567.6000 1785.7683
-0.0400 -618.3900 1785.9545
0.0200 -669.2100 1785.6116
0.2100 -719.9800 1784.9648
0.5700 -770.4600 1785.5625
0.5000 -821.4500 1784.5533
-1.5500 -211.2400 1786.6599
-1.7600 -160.4500 1786.4150
-1.8800 -109.6500 1786.6305
-1.9400 -58.9800 1786.7285
-2.4900 -8.1200 1786.9048
-2.6400 42.7200 1786.2974
-0.3500 -263.7200 3017.3877
50.5600 -263.7500 3017.5825
101.6000 -263.6900 3018.3516
152.4800 -263.8400 3019.5876
203.2300 -263.7600 3019.5583
253.7900 -263.6200 3019.9480
304.0600 -263.3700 3020.1719
-51.0800 -263.8000 3016.7935
-101.5900 -264.2400 3016.6575
-152.6400 -263.9600 3016.5408
-204.0800 -263.9700 3014.9636
-254.9000 -264.0000 3014.0386
-306.0000 -264.8900 3013.5227
-0.4400 -313.7700 3018.7214
-0.5300 -363.8300 3018.5947
-0.1300 -413.4700 3018.1272
-0.5800 -463.7200 3017.7771
0.1400 -514.1200 3017.8257
0.1000 -564.0900 3018.0789
0.0700 -614.0400 3018.3706
-0.0200 -664.0400 3018.1370
-0.0000 -714.0000 3018.0007
0.2000 -763.6800 3018.6138
-0.0200 -813.8500 3017.9033
-0.1800 -213.7200 3018.3804
-0.2000 -163.7400 3017.8159
-0.1500 -113.8100 3018.0493
0.0000 -64.0000 3018.0007
-0.3700 -14.0000 3018.3318
-0.3700 35.9800 3017.4070
0.5500 -263.9900 4181.0005
50.6500 -264.0700 4181.4839
100.8400 -264.0800 4181.5039
150.9200 -264.3300 4181.3833
200.8700 -264.2700 4182.0078
250.6000 -264.2000 4181.6855
300.0000 -264.0000 4181.2427
-49.3700 -264.0100 4181.4639
-99.0600 -264.3600 4181.8569
-149.3700 -264.0400 4182.6323
-199.9600 -264.0300 4181.3936
-250.0000 -264.0000 4181.2427
-300.0200 -264.0500 4181.8770
0.3200 -313.2700 4183.1660
0.1500 -362.5600 4182.5015
0.5200 -411.4200 4182.2295
0.0400 -460.7900 4181.8569
0.7100 -510.4300 4182.1587
0.5900 -559.6400 4182.1787
0.5100 -608.7100 4182.3203
0.3700 -657.8900 4182.2500
0.3400 -707.1200 4182.3701
0.4900 -755.9600 4182.7837
0.1800 -805.3600 4182.0181
0.7200 -214.7600 4182.3809
0.8100 -165.5900 4182.1987
0.9300 -116.4500 4182.1387
1.1100 -67.3900 4182.7539
0.8000 -18.2200 4182.4507
0.8900 30.9400 4181.7764
-0.7922 -272.2560 5411.5112
48.6039 -272.1580 5408.6650
98.0500 -272.0040 5406.9932
147.3730 -272.0630 5405.9990
196.5670 -271.9040 5403.5767
245.5630 -271.7160 5401.5146
294.2410 -271.4600 5399.1982
-49.8695 -271.8230 5403.5767
-98.7946 -272.1270 5403.5552
-148.2310 -271.8530 5404.1372
-197.9970 -271.8660 5403.0586
-247.2180 -271.8410 5402.4878
-296.4640 -271.9410 5403.3867
-0.6963 -320.0490 5397.6855
-0.7565 -368.5480 5396.4800
-0.3650 -416.5030 5394.0796
-0.7288 -465.0230 5391.6694
-0.0640 -513.6730 5390.4429
-0.0878 -562.0450 5389.9990
-0.1124 -610.3520 5389.5435
-0.2151 -658.7320 5388.8462
-0.1723 -707.0960 5388.2334
0.0174 -755.1240 5388.5508
-0.2105 -803.6790 5387.1870
-0.2905 -223.0980 5387.8740
-0.2372 -174.7910 5387.1128
-0.1509 -126.5150 5387.2715
-0.0290 -78.3391 5386.9971
-0.3498 -30.0160 5387.0815
-0.3496 18.3127 5386.1719
0.1322 -271.8470 6621.4053
48.5418 -271.9260 6619.8633
97.0568 -271.8590 6618.7290
145.4340 -272.0250 6617.8047
193.6770 -271.9860 6615.4917
241.7370 -271.8710 6613.2231
289.5440 -271.6460 6612.5400
-48.0803 -272.0220 6620.3594
-96.1047 -272.3410 6622.3086
-144.6990 -272.0920 6623.7402
-193.5710 -272.1700 6624.4785
-241.8950 -272.1980 6625.3486
-290.3050 -272.3430 6627.5190
0.0367 -319.7420 6620.3921
0.2782 -367.8200 6620.3154
0.3219 -414.5690 6619.8965
-0.1062 -462.3050 6619.5117
0.5426 -557.7830 6619.9741
0.4920 -605.2620 6620.0513
0.3947 -652.7910 6619.2246
0.4052 -700.4180 6620.1499
0.5763 -747.6280 6620.6016
0.3759 -795.4640 6620.5137
0.3688 -843.3500 6620.4033
0.3693 -224.6260 6619.3901
0.4459 -177.1420 6618.9932
0.5469 -129.6590 6618.5195
0.7054 -82.3035 6618.8179
0.3601 -34.7941 6619.3462
0.3787 12.7221 6618.4424
-0.3073 -273.0690 7805.4868
47.3920 -273.1570 7803.3330
95.1577 -273.1840 7802.7393
142.7820 -273.4190 7801.4155
190.2850 -273.4350 7799.4526
237.5150 -273.6670 7796.9629
284.7220 -273.6230 7796.6831
-47.7437 -273.5640 7807.3374
-95.1320 -274.0250 7809.1875
-142.8080 -273.6520 7812.2393
-190.6090 -273.5860 7812.7876
-238.4890 -273.5900 7814.9199
-286.3530 -274.0260 7816.7021
0.2461 -320.8340 7806.7202
-0.1442 -367.3460 7806.4961
-0.2502 -414.0240 7806.8213
-0.5826 -461.0010 7806.9336
-0.2650 -508.0410 7807.0688
-0.2463 -554.8170 7806.6196
-0.4242 -601.6620 7807.4497
-0.8290 -648.5110 7807.5059
-0.5961 -695.2960 7807.2246
-0.5092 -741.9860 7808.3242
-0.7855 -788.8130 7807.6514
0.1855 -227.1480 7807.4048
0.2359 -180.4820 7806.4512
-0.0346 -133.9100 7806.3955
0.1239 -86.9846 7805.2402
0.4312 -40.5726 7806.5303
0.1679 6.2646 7805.9805
