-1.59 -262.30 1746.64
50.19 -262.13 1747.02
102.14 -261.88 1748.18
153.92 -261.87 1749.43
205.57 -261.59 1749.78
257.05 -261.25 1750.52
306.17 -260.64 1737.27
-53.24 -262.42 1744.67
-105.45 -263.12 1743.47
-156.51 -262.93 1743.53
-208.86 -263.04 1741.37
-260.51 -263.01 1739.67
-312.37 -264.19 1736.35
-1.51 -313.01 1746.75
-1.42 -363.89 1746.25
-0.90 -414.49 1745.68
-1.17 -465.50 1745.27
-0.29 -516.76 1745.10
-0.18 -567.60 1745.17
-0.04 -618.39 1745.36
0.02 -669.21 1745.01
0.21 -719.98 1744.35
0.57 -770.46 1744.96
0.50 -821.45 1743.93
-1.55 -211.24 1746.08
-1.76 -160.45 1745.83
-1.88 -109.65 1746.05
-1.94 -58.98 1746.15
-2.49 -8.12 1746.33
-2.64 42.72 1745.71
-0.35 -263.72 3012.37
50.56 -263.75 3012.57
101.60 -263.69 3013.36
152.48 -263.84 3014.63
203.23 -263.76 3014.60
253.79 -263.62 3015.00
304.06 -263.37 3015.23
-51.08 -263.80 3011.76
-101.59 -264.24 3011.62
-152.64 -263.96 3011.50
-204.08 -263.97 3009.88
-254.90 -264.00 3008.93
-306.00 -264.89 3008.40
-0.44 -313.77 3013.74
-0.53 -363.83 3013.61
-0.13 -413.47 3013.13
-0.58 -463.72 3012.77
0.14 -514.12 3012.82
0.10 -564.09 3013.08
0.07 -614.04 3013.38
-0.02 -664.04 3013.14
-0.00 -714.00 3013.00
0.20 -763.68 3013.63
-0.02 -813.85 3012.90
-0.18 -213.72 3013.39
-0.20 -163.74 3012.81
-0.15 -113.81 3013.05
0.00 -64.00 3013.00
-0.37 -14.00 3013.34
-0.37 35.98 3012.39
0.55 -263.99 4189.96
50.65 -264.07 4190.44
100.84 -264.08 4190.46
150.92 -264.33 4190.34
200.87 -264.27 4190.96
250.60 -264.20 4190.64
300.00 -264.00 4190.20
-49.37 -264.01 4190.42
-99.06 -264.36 4190.81
-149.37 -264.04 4191.58
-199.96 -264.03 4190.35
-250.00 -264.00 4190.20
-300.02 -264.05 4190.83
0.32 -313.27 4192.11
0.15 -362.56 4191.45
0.52 -411.42 4191.18
0.04 -460.79 4190.81
0.71 -510.43 4191.11
0.59 -559.64 4191.13
0.51 -608.71 4191.27
0.37 -657.89 4191.20
0.34 -707.12 4191.32
0.49 -755.96 4191.73
0.18 -805.36 4190.97
0.72 -214.76 4191.33
0.81 -165.59 4191.15
0.93 -116.45 4191.09
1.11 -67.39 4191.70
0.80 -18.22 4191.40
0.89 30.94 4190.73
-0.792165 -272.256 5382.09
48.6039 -272.158 5379.4
98.05 -272.004 5377.82
147.373 -272.063 5376.88
196.567 -271.904 5374.59
245.563 -271.716 5372.64
294.241 -271.46 5370.45
-49.8695 -271.823 5374.59
-98.7946 -272.127 5374.57
-148.231 -271.853 5375.12
-197.997 -271.866 5374.1
-247.218 -271.841 5373.56
-296.464 -271.941 5374.41
-0.696307 -320.049 5369.02
-0.756518 -368.548 5367.88
-0.365041 -416.503 5365.61
-0.728799 -465.023 5363.33
-0.0639815 -513.673 5362.17
-0.0878299 -562.045 5361.75
-0.112414 -610.352 5361.32
-0.215072 -658.732 5360.66
-0.172288 -707.096 5360.08
0.0173519 -755.124 5360.38
-0.210464 -803.679 5359.09
-0.290505 -223.098 5359.74
-0.237237 -174.791 5359.02
-0.150945 -126.515 5359.17
-0.028966 -78.3391 5358.91
-0.349834 -30.016 5358.99
-0.349641 18.3127 5358.13
0.132212 -271.847 6501.45
48.5418 -271.926 6500.05
97.0568 -271.859 6499.02
145.434 -272.025 6498.18
193.677 -271.986 6496.08
241.737 -271.871 6494.02
289.544 -271.646 6493.4
-48.0803 -272.022 6500.5
-96.1047 -272.341 6502.27
-144.699 -272.092 6503.57
-193.571 -272.17 6504.24
-241.895 -272.198 6505.03
-290.305 -272.343 6507
0.0367386 -319.742 6500.53
0.278195 -367.82 6500.46
0.321861 -414.569 6500.08
-0.106209 -462.305 6499.73
0.54263 -557.783 6500.15
0.491956 -605.262 6500.22
0.394687 -652.791 6499.47
0.405167 -700.418 6500.31
0.57633 -747.628 6500.72
0.375917 -795.464 6500.64
0.368841 -843.35 6500.54
0.369281 -224.626 6499.62
0.445903 -177.142 6499.26
0.546875 -129.659 6498.83
0.705396 -82.3035 6499.1
0.360122 -34.7941 6499.58
0.378692 12.7221 6498.76
-0.307336 -273.069 7564.5
47.392 -273.157 7562.58
95.1577 -273.184 7562.05
142.782 -273.419 7560.87
190.285 -273.435 7559.12
237.515 -273.667 7556.9
284.722 -273.623 7556.65
-47.7437 -273.564 7566.15
-95.132 -274.025 7567.8
-142.808 -273.652 7570.52
-190.609 -273.586 7571.01
-238.489 -273.59 7572.91
-286.353 -274.026 7574.5
0.246069 -320.834 7565.6
-0.144182 -367.346 7565.4
-0.25021 -414.024 7565.69
-0.582641 -461.001 7565.79
-0.264989 -508.041 7565.91
-0.246289 -554.817 7565.51
-0.424214 -601.662 7566.25
-0.829044 -648.511 7566.3
-0.59611 -695.296 7566.05
-0.509212 -741.986 7567.03
-0.785517 -788.813 7566.43
0.1855 -227.148 7566.21
0.235933 -180.482 7565.36
-0.0346244 -133.91 7565.31
0.123903 -86.9846 7564.28
0.431232 -40.5726 7565.43
0.167917 6.26459 7564.94
