-1.59 -262.30 1746.64
50.19 -262.13 1747.02
102.14 -261.88 1748.18
153.92 -261.87 1749.43
205.57 -261.59 1749.78
257.05 -261.25 1750.52
306.17 -260.64 1737.27
-53.24 -262.42 1744.67
-105.45 -263.12 1743.47
-156.51 -262.93 1743.53
-208.86 -263.04 1741.37
-260.51 -263.01 1739.67
-312.37 -264.19 1736.35
-1.51 -313.01 1746.75
-1.42 -363.89 1746.25
-0.90 -414.49 1745.68
-1.17 -465.50 1745.27
-0.29 -516.76 1745.10
-0.18 -567.60 1745.17
-0.04 -618.39 1745.36
0.02 -669.21 1745.01
0.21 -719.98 1744.35
0.57 -770.46 1744.96
0.50 -821.45 1743.93
-1.55 -211.24 1746.08
-1.76 -160.45 1745.83
-1.88 -109.65 1746.05
-1.94 -58.98 1746.15
-2.49 -8.12 1746.33
-2.64 42.72 1745.71
-0.35 -263.72 3012.37
50.56 -263.75 3012.57
101.60 -263.69 3013.36
152.48 -263.84 3014.63
203.23 -263.76 3014.60
253.79 -263.62 3015.00
304.06 -263.37 3015.23
-51.08 -263.80 3011.76
-101.59 -264.24 3011.62
-152.64 -263.96 3011.50
-204.08 -263.97 3009.88
-254.90 -264.00 3008.93
-306.00 -264.89 3008.40
-0.44 -313.77 3013.74
-0.53 -363.83 3013.61
-0.13 -413.47 3013.13
-0.58 -463.72 3012.77
0.14 -514.12 3012.82
0.10 -564.09 3013.08
0.07 -614.04 3013.38
-0.02 -664.04 3013.14
-0.00 -714.00 3013.00
0.20 -763.68 3013.63
-0.02 -813.85 3012.90
-0.18 -213.72 3013.39
-0.20 -163.74 3012.81
-0.15 -113.81 3013.05
0.00 -64.00 3013.00
-0.37 -14.00 3013.34
-0.37 35.98 3012.39
0.55 -263.99 4189.96
50.65 -264.07 4190.44
100.84 -264.08 4190.46
150.92 -264.33 4190.34
200.87 -264.27 4190.96
250.60 -264.20 4190.64
300.00 -264.00 4190.20
-49.37 -264.01 4190.42
-99.06 -264.36 4190.81
-149.37 -264.04 4191.58
-199.96 -264.03 4190.35
-250.00 -264.00 4190.20
-300.02 -264.05 4190.83
0.32 -313.27 4192.11
0.15 -362.56 4191.45
0.52 -411.42 4191.18
0.04 -460.79 4190.81
0.71 -510.43 4191.11
0.59 -559.64 4191.13
0.51 -608.71 4191.27
0.37 -657.89 4191.20
0.34 -707.12 4191.32
0.49 -755.96 4191.73
0.18 -805.36 4190.97
0.72 -214.76 4191.33
0.81 -165.59 4191.15
0.93 -116.45 4191.09
1.11 -67.39 4191.70
0.80 -18.22 4191.40
0.89 30.94 4190.73
