81301 : 3500368.60515 , 523739.38290
81302 : 3500358.79745 , 523739.55525
81303 : 3500371.87780 , 523806.97995
81304 : 3500362.10575 , 523806.81978
81305 : 3500375.08716 , 523873.03533
81306 : 3500365.32473 , 523873.51842
81307 : 3500377.49826 , 523922.35156
81308 : 3500367.71790 , 523922.85156
81309 : 3500380.56087 , 523987.73338
81310 : 3500370.91246 , 523988.21871
81311 : 3500383.49741 , 524045.00224
81312 : 3500373.69614 , 524045.52496
81313 : 3500386.29102 , 524102.29024
81314 : 3500376.48569 , 524102.79838
81315 : 3500389.45253 , 524167.64668
81316 : 3500379.68700 , 524168.35209
81317 : 3500392.49288 , 524232.96522
81318 : 3500382.83415 , 524233.37461
81319 : 3500395.50668 , 524292.26039
81320 : 3500385.74737 , 524293.01757
81321 : 3500398.66521 , 524357.62265
81322 : 3500388.91320 , 524358.20888
81323 : 3500401.86972 , 524422.97824
81324 : 3500392.08437 , 524423.48136
81325 : 3500405.03907 , 524488.29624
81326 : 3500395.25468 , 524488.78905
81301 : 3500368.60515 , 523739.38290
81302 : 3500358.79745 , 523739.55525
81303 : 3500371.87780 , 523806.97995
81304 : 3500362.10575 , 523806.81978
81305 : 3500375.08716 , 523873.03533
81306 : 3500365.32473 , 523873.51842
81307 : 3500377.49826 , 523922.35156
81308 : 3500367.71790 , 523922.85156
81309 : 3500380.56087 , 523987.73338
81310 : 3500370.91246 , 523988.21871
81311 : 3500383.49741 , 524045.00224
81312 : 3500373.69614 , 524045.52496
81313 : 3500386.29102 , 524102.29024
81314 : 3500376.48569 , 524102.79838
81315 : 3500389.45253 , 524167.64668
81316 : 3500379.68700 , 524168.35209
81317 : 3500392.49288 , 524232.96522
81318 : 3500382.83415 , 524233.37461
81319 : 3500395.50668 , 524292.26039
81320 : 3500385.74737 , 524293.01757
81321 : 3500398.66521 , 524357.62265
81322 : 3500388.91320 , 524358.20888
81323 : 3500401.86972 , 524422.97824
81324 : 3500392.08437 , 524423.48136
81325 : 3500405.03907 , 524488.29624
81326 : 3500395.25468 , 524488.78905
81327 : 3500408.21944 , 524553.61717
81328 : 3500398.54583 , 524554.30095
81329 : 3500411.39260 , 524618.88814
81330 : 3500401.61023 , 524619.38645
81331 : 3500414.56086 , 524684.18214
81332 : 3500404.77543 , 524684.66587
82301 : 3500417.75131 , 524749.52532
82302 : 3500407.95495 , 524750.02451
82303 : 3500420.53105 , 524806.84379
82304 : 3500410.74771 , 524807.35011
82305 : 3500422.91127 , 524856.18940
82306 : 3500413.13695 , 524856.70067
82307 : 3500426.12355 , 524921.48915
82308 : 3500416.31833 , 524922.02349
82309 : 3500429.30692 , 524987.05727
82310 : 3500419.51955 , 524987.30880
82311 : 3500432.47324 , 525052.11998
82312 : 3500422.68879 , 525052.59900
82313 : 3500435.64550 , 525117.41636
82314 : 3500425.86002 , 525117.88678
82315 : 3500438.06155 , 525166.72006
82316 : 3500428.25916 , 525167.21319
82317 : 3500441.22180 , 525232.01241
82318 : 3500431.43664 , 525232.56254
82319 : 3500444.40414 , 525297.32563
82320 : 3500434.61389 , 525297.85349
82321 : 3500447.56452 , 525362.65088
82322 : 3500437.79525 , 525363.17301
82323 : 3500450.75118 , 525428.04528
82324 : 3500440.99003 , 525428.59496
82325 : 3500453.94573 , 525493.40973
82326 : 3500444.14708 , 525493.83853
82327 : 3500457.14291 , 525558.93077
82328 : 3500447.33953 , 525559.18179
82329 : 3500459.51600 , 525607.99772
82330 : 3500449.73773 , 525608.52160
82331 : 3500462.30785 , 525665.34552
82332 : 3500452.50868 , 525665.89193
83301 : 3500464.69310 , 525714.94361
83302 : 3500454.93159 , 525715.40660
83303 : 3500467.48979 , 525772.00678
83304 : 3500457.70931 , 525772.47708
83305 : 3500470.66484 , 525837.25064
83306 : 3500460.87545 , 525837.74219
83307 : 3500473.45600 , 525894.91866
83308 : 3500463.67260 , 525895.40967
83309 : 3500476.63150 , 525960.02581
83310 : 3500466.83011 , 525960.52023
83311 : 3500479.81582 , 526025.33582
83312 : 3500470.04827 , 526026.03545
83313 : 3500483.00610 , 526090.63600
83314 : 3500473.32447 , 526091.31363
83315 : 3500486.17661 , 526155.99199
83316 : 3500476.44226 , 526156.49502
83317 : 3500489.35790 , 526221.29382
83318 : 3500479.63661 , 526221.81267
88301 : 3500680.01582 , 530737.96882
88302 : 3500670.37170 , 530737.30051
88303 : 3500675.34837 , 530803.41378
88304 : 3500665.70072 , 530802.61478
88305 : 3500669.68899 , 530868.64137
88306 : 3500660.03818 , 530867.80378
88307 : 3500663.07373 , 530933.90717
88308 : 3500653.44128 , 530932.91088
88309 : 3500656.51262 , 530991.11209
88310 : 3500646.87749 , 530989.94981
88311 : 3500648.23940 , 531055.91406
88312 : 3500638.64075 , 531054.86887
88313 : 3500641.26713 , 531104.98798
88314 : 3500631.71500 , 531103.57961
88315 : 3500631.23078 , 531169.77543
88316 : 3500621.66613 , 531168.23843
88317 : 3500621.52782 , 531226.80249
88318 : 3500612.00953 , 531225.10982
88319 : 3500609.76505 , 531291.25950
88320 : 3500600.35048 , 531289.49484
88321 : 3500597.00849 , 531355.53196
88322 : 3500587.65066 , 531353.70336
88323 : 3500583.31858 , 531419.72589
88324 : 3500573.84190 , 531417.69278
88325 : 3500568.80767 , 531483.68477
88326 : 3500559.25820 , 531481.45767
88327 : 3500553.26764 , 531547.38049
88328 : 3500543.88559 , 531545.00802
88329 : 3500536.69923 , 531610.74643
88330 : 3500527.50301 , 531608.33159
88331 : 3500521.46228 , 531666.36052
88332 : 3500512.14704 , 531663.69446
89301 : 3500501.36128 , 531735.74910
89302 : 3500492.05596 , 531733.06608
89303 : 3500480.97722 , 531802.67636
89304 : 3500471.83369 , 531799.44760
89305 : 3500459.81709 , 531867.62766
89306 : 3500450.66407 , 531864.52495
89307 : 3500439.27230 , 531928.48761
89308 : 3500430.01994 , 531925.30278
89309 : 3500417.17884 , 531990.17953
89310 : 3500408.19943 , 531986.97932
89311 : 3500394.23270 , 532051.71257
89312 : 3500385.20925 , 532048.25791
89313 : 3500370.53946 , 532112.73882
89314 : 3500361.47330 , 532109.35521
89315 : 3500345.81427 , 532173.54022
89316 : 3500336.83115 , 532169.92032
89317 : 3500320.22772 , 532234.26449
89318 : 3500311.45048 , 532230.36710
89319 : 3500300.35888 , 532279.64741
89320 : 3500291.49053 , 532275.72554
89321 : 3500273.29021 , 532339.12962
89322 : 3500264.44176 , 532335.18073
89323 : 3500243.27783 , 532402.63631
89324 : 3500234.79404 , 532398.35791
89325 : 3500212.17196 , 532466.28002
89326 : 3500203.31618 , 532462.00667
89327 : 3500180.18919 , 532528.73197
89328 : 3500171.58373 , 532524.28877
89329 : 3500149.46990 , 532586.62712
89330 : 3500140.92498 , 532582.07088
90301 : 3500121.78591 , 532637.44900
90302 : 3500113.30354 , 532632.78039
90303 : 3500097.47889 , 532680.62410
90304 : 3500089.07605 , 532675.84023
90305 : 3500064.56676 , 532737.35170
90306 : 3500056.23753 , 532732.47190
90307 : 3500030.86978 , 532793.63522
90308 : 3500022.79420 , 532788.42254
90309 : 3500004.80882 , 532835.86233
90310 : 3499996.60355 , 532830.72601
90311 : 3499968.04052 , 532893.81542
90312 : 3499960.04021 , 532888.17501
90313 : 3499929.66007 , 532952.23573
90314 : 3499921.58100 , 532946.65667
90315 : 3499891.06261 , 533008.94286
90316 : 3499883.17995 , 533003.21486
90317 : 3499851.00202 , 533066.12135
90318 : 3499843.10775 , 533060.48982
90319 : 3499812.52304 , 533119.26112
90320 : 3499804.72434 , 533113.52464
90321 : 3499773.07119 , 533171.95389
90322 : 3499765.38187 , 533166.06358
90323 : 3499738.01755 , 533217.78472
90324 : 3499730.27758 , 533211.73459
90325 : 3499697.46558 , 533268.98632
90326 : 3499689.95939 , 533262.87954
90327 : 3499656.05425 , 533319.86188
90328 : 3499648.62978 , 533313.68712
90329 : 3499613.47200 , 533370.52539
90330 : 3499606.46331 , 533364.04723
90331 : 3499581.49102 , 533407.89779
90332 : 3499574.07342 , 533401.44619
91301 : 3499543.48674 , 533450.90260
91302 : 3499536.28420 , 533444.46346
91303 : 3499510.25651 , 533487.73630
91304 : 3499503.16652 , 533481.18401
91305 : 3499465.62764 , 533536.05999
91306 : 3499458.64660 , 533529.24926
91307 : 3499420.29465 , 533583.62332
91308 : 3499413.31301 , 533576.91149
91309 : 3499374.46159 , 533630.19532
91310 : 3499367.63426 , 533623.31210
91311 : 3499327.29457 , 533676.54251
91312 : 3499321.02627 , 533669.66327
91313 : 3499280.33139 , 533721.62471
91314 : 3499274.04175 , 533714.90619
91315 : 3499235.24592 , 533763.67069
91316 : 3499228.84277 , 533757.07463
91317 : 3499182.71577 , 533811.26869
91318 : 3499176.88051 , 533804.14704
91319 : 3499128.27949 , 533859.09880
91320 : 3499122.59252 , 533852.04670
91321 : 3499071.24028 , 533907.70687
91322 : 3499065.48631 , 533900.65755
91323 : 3499026.82196 , 533944.38738
91324 : 3499021.20458 , 533937.23487
91325 : 3498988.21020 , 533975.50194
91326 : 3498982.73332 , 533968.22482
91327 : 3498936.60498 , 534015.95615
91328 : 3498930.98323 , 534008.71446
91329 : 3498884.56589 , 534055.46814
91330 : 3498878.90268 , 534048.35859
91331 : 3498831.76286 , 534094.51053
91332 : 3498826.39138 , 534087.08569
92301 : 3498778.38667 , 534132.78341
92302 : 3498773.18924 , 534125.36837
92303 : 3498724.64625 , 534170.26809
92304 : 3498719.20955 , 534162.78962
92305 : 3498670.11803 , 534206.82769
92306 : 3498665.07829 , 534199.33453
92307 : 3498615.25449 , 534242.82191
92308 : 3498610.31485 , 534235.10838
92309 : 3498560.23031 , 534278.16765
92310 : 3498555.25180 , 534270.48834
92311 : 3498504.92851 , 534313.36709
92312 : 3498500.09229 , 534305.75536
92313 : 3498449.85798 , 534348.62840
92314 : 3498444.93993 , 534341.06094
92315 : 3498394.72173 , 534383.96059
92316 : 3498389.64763 , 534376.38013
92317 : 3498338.73574 , 534419.85439
92318 : 3498333.55932 , 534412.19883
92319 : 3498283.51464 , 534455.22337
92320 : 3498278.55392 , 534447.49116
92321 : 3498228.48187 , 534490.42766
92322 : 3498223.54521 , 534482.70920
92323 : 3498173.30732 , 534525.68706
92324 : 3498168.42269 , 534517.97451
92325 : 3498118.16088 , 534560.96991
92326 : 3498113.24507 , 534553.21593
92327 : 3498076.52884 , 534587.63132
92328 : 3498071.61505 , 534579.88003
92329 : 3498021.41534 , 534622.90247
92330 : 3498016.48266 , 534615.17790
93301 : 3497966.01219 , 534658.26000
93302 : 3497961.38810 , 534650.43234
93303 : 3497910.96869 , 534693.52995
93304 : 3497906.11041 , 534685.90355
93305 : 3497855.93968 , 534728.91792
93306 : 3497851.16720 , 534720.99871
93307 : 3497800.88714 , 534764.17772
93308 : 3497795.89258 , 534756.48660
93309 : 3497745.79162 , 534799.44327
93310 : 3497740.75323 , 534791.79361
93311 : 3497690.61362 , 534834.83710
93312 : 3497685.71567 , 534827.04632
93313 : 3497633.05793 , 534872.29391
93314 : 3497627.82299 , 534864.75428
93315 : 3497575.89102 , 534910.42748
93316 : 3497570.85915 , 534902.90368
93317 : 3497515.56345 , 534952.35649
93318 : 3497510.10853 , 534944.82544
93319 : 3497463.18157 , 534989.71532
93320 : 3497457.86661 , 534982.41716
93321 : 3497410.50696 , 535028.61396
93322 : 3497405.03557 , 535021.21270
93323 : 3497367.85861 , 535061.09587
93324 : 3497362.35256 , 535053.77871
93325 : 3497316.14997 , 535101.20376
93326 : 3497310.56126 , 535093.97048
93327 : 3497265.07066 , 535142.36854
93328 : 3497259.61777 , 535135.09078
93329 : 3497214.88128 , 535183.99840
93330 : 3497208.93584 , 535176.83498
94301 : 3497164.81779 , 535226.58184
94302 : 3497159.07172 , 535219.50747
94303 : 3497121.86758 , 535264.25320
94304 : 3497115.85537 , 535257.39298
94305 : 3497073.11177 , 535307.97002
94306 : 3497067.02383 , 535301.17613
94307 : 3497021.12530 , 535356.22049
94308 : 3497014.82407 , 535349.60184
94309 : 3496970.28969 , 535404.91533
94310 : 3496963.84290 , 535398.40722
94311 : 3496920.29642 , 535454.42061
94312 : 3496913.81662 , 535447.91090
94313 : 3496885.29478 , 535489.20921
94314 : 3496878.83103 , 535482.70990
94315 : 3496839.10268 , 535535.77478
94316 : 3496832.55287 , 535529.26047
94317 : 3496793.06820 , 535581.99943
94318 : 3496786.57948 , 535575.50697
94319 : 3496746.83053 , 535628.42447
94320 : 3496740.27850 , 535621.85847
94321 : 3496700.62146 , 535674.75053
94322 : 3496694.06519 , 535668.12575
94323 : 3496665.75501 , 535709.82965
94324 : 3496659.19964 , 535703.17996
94325 : 3496619.35405 , 535756.18612
94326 : 3496612.96265 , 535749.77140
94327 : 3496578.83428 , 535796.88521
94328 : 3496572.46310 , 535790.28216
94329 : 3496532.73476 , 535843.10224
94330 : 3496526.34258 , 535836.74322
94331 : 3496486.58044 , 535889.61239
94332 : 3496479.98045 , 535883.05697
95301 : 3496450.76684 , 535925.39879
95302 : 3496444.19431 , 535918.95572
95303 : 3496404.57782 , 535971.98365
95304 : 3496398.03815 , 535965.50688
95305 : 3496358.40198 , 536018.12212
95306 : 3496351.96187 , 536011.78048
95307 : 3496312.00455 , 536064.60678
95308 : 3496305.46111 , 536057.94142
95309 : 3496265.08283 , 536110.53635
95310 : 3496258.70478 , 536103.71794
95311 : 3496217.56009 , 536155.73198
95312 : 3496211.17015 , 536148.94123
95313 : 3496169.38150 , 536200.23188
95314 : 3496163.11813 , 536193.33390
95315 : 3496132.51064 , 536233.26843
95316 : 3496126.38157 , 536226.44408
95317 : 3496083.35018 , 536276.58607
95318 : 3496077.19644 , 536269.59576
95319 : 3496033.24538 , 536319.09195
95320 : 3496027.32455 , 536312.07880
95321 : 3495982.69951 , 536361.09467
95322 : 3495976.81377 , 536353.85761
95323 : 3495931.74000 , 536401.96326
95324 : 3495925.99998 , 536394.90216
95325 : 3495879.88811 , 536442.50359
95326 : 3495874.18787 , 536435.14015
95327 : 3495827.62533 , 536481.84737
95328 : 3495822.07496 , 536474.69677
95329 : 3495774.65144 , 536520.92514
95330 : 3495769.20838 , 536513.35912
95331 : 3495721.10581 , 536558.84720
95332 : 3495715.89383 , 536551.29784
96301 : 3495667.08760 , 536596.13897
96302 : 3495662.15661 , 536588.58649
96303 : 3495612.64281 , 536632.55979
96304 : 3495607.57448 , 536624.92300
96305 : 3495557.57002 , 536668.24782
96306 : 3495552.64825 , 536660.50238
96307 : 3495508.99607 , 536698.92601
96308 : 3495504.06326 , 536691.17003
96309 : 3495453.42487 , 536733.53759
96310 : 3495448.64754 , 536725.90032
96311 : 3495397.89003 , 536768.23876
96312 : 3495393.17143 , 536760.28695
96313 : 3495342.20489 , 536802.62010
96314 : 3495337.48640 , 536794.94119
96315 : 3495286.72116 , 536837.34848
96316 : 3495281.87810 , 536829.52918
96317 : 3495228.18581 , 536873.67002
96318 : 3495223.41268 , 536865.83562
96319 : 3495168.21824 , 536910.93325
96320 : 3495163.27095 , 536903.06206
96321 : 3495108.29732 , 536948.11311
96322 : 3495103.44636 , 536940.31936
96323 : 3495066.47184 , 536974.17533
96324 : 3495061.51653 , 536966.29888
96325 : 3495015.97280 , 537005.58805
96326 : 3495011.06531 , 536997.66572
96327 : 3494960.39721 , 537040.10365
96328 : 3494955.45382 , 537032.20593
96329 : 3494904.79979 , 537074.66219
96330 : 3494899.86938 , 537066.75959
97301 : 3494849.18053 , 537109.25935
97302 : 3494844.31501 , 537101.33138
97303 : 3494793.80853 , 537143.92038
97304 : 3494788.90074 , 537136.16896
97305 : 3494738.42111 , 537178.96651
97306 : 3494733.61567 , 537171.30010
97307 : 3494683.44476 , 537214.51638
97308 : 3494678.42603 , 537206.78370
97309 : 3494628.78067 , 537250.37315
97310 : 3494623.67644 , 537242.76407
97311 : 3494580.97042 , 537282.19826
97312 : 3494575.85924 , 537274.59921
97313 : 3494526.72552 , 537318.83352
97314 : 3494521.58546 , 537311.26415
97315 : 3494472.78046 , 537355.91617
97316 : 3494467.59053 , 537348.37888
97317 : 3494418.91055 , 537393.28188
97318 : 3494413.65511 , 537385.62027
97319 : 3494365.21364 , 537430.64570
97320 : 3494359.92124 , 537422.99310
97321 : 3494311.48276 , 537468.01622
97322 : 3494306.15435 , 537460.36203
97323 : 3494264.32241 , 537500.79039
97324 : 3494258.97815 , 537493.17399
97325 : 3494210.56247 , 537538.14717
97326 : 3494205.25313 , 537530.51087
97327 : 3494156.82653 , 537575.50341
97328 : 3494151.52426 , 537567.88397
97329 : 3494116.13959 , 537603.64889
97330 : 3494111.03396 , 537596.18682
97331 : 3494062.51600 , 537641.09249
97332 : 3494057.21662 , 537633.44553
98301 : 3494008.79403 , 537678.44075
98302 : 3494003.49374 , 537670.81700
98303 : 3493954.92697 , 537715.76845
98304 : 3493949.73337 , 537708.31199
98305 : 3493907.79325 , 537748.69637
98306 : 3493902.51668 , 537741.00288
98307 : 3493860.61229 , 537781.31925
98308 : 3493855.49462 , 537773.84615
98309 : 3493806.88293 , 537818.81856
98310 : 3493801.61047 , 537811.15275
98311 : 3493759.77558 , 537851.59223
98312 : 3493754.47414 , 537843.93128
98313 : 3493712.53049 , 537884.42999
98314 : 3493707.25115 , 537876.79421
98315 : 3493658.76063 , 537921.80612
98316 : 3493653.48229 , 537914.16965
98317 : 3493618.15399 , 537950.02715
98318 : 3493612.88665 , 537942.39060
98319 : 3493564.42996 , 537987.36132
98320 : 3493559.26305 , 537979.82840
98321 : 3493509.81760 , 538025.35874
98322 : 3493504.64556 , 538017.79605
98323 : 3493456.13755 , 538062.68746
98324 : 3493450.82828 , 538055.06926
98325 : 3493402.28637 , 538099.98587
98326 : 3493397.09732 , 538092.42007
98327 : 3493348.60977 , 538137.42607
98328 : 3493343.44320 , 538129.73124
98329 : 3493294.98056 , 538174.71609
98330 : 3493289.69031 , 538167.10128
98331 : 3493241.08010 , 538212.19029
98332 : 3493235.99726 , 538204.43058
99301 : 3493187.52576 , 538249.44858
99302 : 3493182.30175 , 538241.89169
99303 : 3493133.74150 , 538286.72590
99304 : 3493128.56084 , 538279.25676
99305 : 3493079.90236 , 538324.28065
99306 : 3493074.65484 , 538316.59979
99307 : 3493026.19431 , 538361.60933
99308 : 3493020.90596 , 538353.97030
99309 : 3492972.40048 , 538398.99320
99310 : 3492967.11605 , 538391.33366
99311 : 3492918.68955 , 538436.35240
99312 : 3492913.40417 , 538428.70596
99313 : 3492864.99357 , 538473.69852
99314 : 3492859.67620 , 538466.05326
99315 : 3492811.11855 , 538511.03656
99316 : 3492805.83113 , 538503.37893
99317 : 3492756.93692 , 538547.98287
99318 : 3492751.86861 , 538540.35068
99319 : 3492709.02736 , 538579.97675
99320 : 3492703.98516 , 538572.12570
99321 : 3492654.13770 , 538615.69482
99322 : 3492649.15942 , 538607.82540
99323 : 3492600.47636 , 538649.76386
99324 : 3492595.53198 , 538641.86775
99325 : 3492541.22412 , 538686.36535
99326 : 3492536.63087 , 538678.25360
99327 : 3492479.97039 , 538723.11269
99328 : 3492475.44135 , 538715.05128
99329 : 3492421.03992 , 538757.44737
99330 : 3492416.49518 , 538749.45935
99331 : 3492363.87239 , 538789.78643
99332 : 3492359.36551 , 538781.76268
100301 : 3492306.55633 , 538821.50503
100302 : 3492302.09595 , 538813.36101
100303 : 3492248.74331 , 538852.50318
100304 : 3492244.36667 , 538844.29488
100305 : 3492190.72594 , 538882.92930
100306 : 3492186.39016 , 538874.68386
100307 : 3492132.59744 , 538913.07696
100308 : 3492128.32615 , 538904.95255
100309 : 3492074.55018 , 538943.28265
100310 : 3492070.24936 , 538935.02701
100311 : 3492030.64232 , 538966.08492
100312 : 3492026.37456 , 538957.84299
100313 : 3491976.16552 , 538994.40475
100314 : 3491971.84279 , 538986.17173
100315 : 3491918.08317 , 539024.58844
100316 : 3491913.79533 , 539016.32882
100317 : 3491866.58807 , 539051.33281
100318 : 3491862.32529 , 539043.08925
100319 : 3491817.10781 , 539077.03693
100320 : 3491812.74756 , 539068.92203
100321 : 3491766.93559 , 539103.00344
100322 : 3491762.70925 , 539094.86578
100323 : 3491723.12898 , 539125.86543
100324 : 3491718.89962 , 539117.72318
100325 : 3491672.09701 , 539152.39163
100326 : 3491667.82116 , 539144.12864
100327 : 3491614.06322 , 539182.46823
100328 : 3491609.75477 , 539174.30324
100329 : 3491555.06105 , 539213.19495
100330 : 3491550.76919 , 539204.93146
100331 : 3491496.86639 , 539243.30409
100332 : 3491492.60606 , 539235.16932
101301 : 3491438.87634 , 539273.56195
101302 : 3491434.59747 , 539265.29618
101303 : 3491380.72052 , 539303.63186
101304 : 3491376.51319 , 539295.49648
101305 : 3491322.74547 , 539333.88833
101306 : 3491318.48571 , 539325.64756
101307 : 3491264.78260 , 539364.43474
101308 : 3491260.47388 , 539356.20445
101309 : 3491207.23909 , 539395.55654
101310 : 3491202.75573 , 539387.41706
101311 : 3491150.05820 , 539427.56217
101312 : 3491145.67311 , 539419.48592
101313 : 3491093.37960 , 539460.37001
101314 : 3491088.73659 , 539452.31575
101315 : 3491037.25294 , 539493.89217
101316 : 3491032.42485 , 539486.06719
101317 : 3490981.62607 , 539528.34138
101318 : 3490976.56903 , 539520.53102
101319 : 3490926.30380 , 539563.66844
101320 : 3490921.24678 , 539555.86378
101321 : 3490871.62844 , 539599.70618
101322 : 3490866.46667 , 539591.96202
101323 : 3490817.56715 , 539636.48859
101324 : 3490812.36217 , 539628.93909
101325 : 3490763.94729 , 539674.10917
101326 : 3490758.54620 , 539666.53560
101327 : 3490710.89754 , 539712.48747
101328 : 3490705.38589 , 539705.02304
101329 : 3490671.17622 , 539742.00360
101330 : 3490665.67011 , 539734.67205
101331 : 3490630.16500 , 539773.02952
101332 : 3490624.62062 , 539765.87579
102301 : 3490578.64167 , 539813.45645
102302 : 3490572.92620 , 539806.28421
102303 : 3490532.20991 , 539850.78381
102304 : 3490526.49751 , 539843.62805
102305 : 3490490.38009 , 539885.35233
102306 : 3490484.35339 , 539878.37149
102307 : 3490449.48062 , 539919.75118
102308 : 3490443.65307 , 539912.80379
102309 : 3490406.46554 , 539956.96460
102310 : 3490400.45676 , 539950.20886
102311 : 3490361.13299 , 539997.27638
102312 : 3490355.03979 , 539990.41992
102313 : 3490312.85214 , 540041.22606
102314 : 3490306.49277 , 540034.57464
102315 : 3490264.64995 , 540085.58079
102316 : 3490258.29757 , 540078.92603
102317 : 3490216.62516 , 540130.03270
102318 : 3490210.16147 , 540123.30149
102319 : 3490168.47901 , 540174.39641
102320 : 3490162.03818 , 540167.63196
102321 : 3490120.25299 , 540218.79328
102322 : 3490113.99549 , 540212.10878
102323 : 3490072.06416 , 540263.23534
102324 : 3490065.87230 , 540256.46066
102325 : 3490023.91134 , 540307.43439
102326 : 3490017.55753 , 540300.92034
102327 : 3489976.11368 , 540351.66968
102328 : 3489969.45782 , 540345.14708
102329 : 3489927.84409 , 540396.17351
102330 : 3489921.47676 , 540389.53194
102331 : 3489891.47613 , 540429.66976
102332 : 3489885.01858 , 540422.97502
103301 : 3489843.38874 , 540473.97443
103302 : 3489836.88740 , 540467.33164
103303 : 3489795.13498 , 540518.43527
103304 : 3489788.82559 , 540511.77756
103305 : 3489746.85873 , 540562.77583
103306 : 3489740.64695 , 540556.02286
103307 : 3489698.74585 , 540607.20535
103308 : 3489692.62718 , 540600.47904
103309 : 3489656.60178 , 540646.12998
103310 : 3489650.26573 , 540639.31283
103311 : 3489614.27859 , 540685.02804
103312 : 3489608.01664 , 540678.23476
103313 : 3489565.87176 , 540729.22746
103314 : 3489559.26299 , 540721.99077
103315 : 3489517.20072 , 540772.88988
103316 : 3489510.54304 , 540765.67358
103317 : 3489468.00193 , 540816.37145
103318 : 3489461.60313 , 540809.12295
103319 : 3489418.51118 , 540859.37390
103320 : 3489412.26160 , 540852.17844
103321 : 3489368.89045 , 540902.13869
103322 : 3489362.54351 , 540894.85679
103323 : 3489319.14501 , 540944.72900
103324 : 3489312.84690 , 540937.40632
103325 : 3489269.56962 , 540987.33223
103326 : 3489263.19959 , 540980.02776
103327 : 3489219.67187 , 541029.84832
103328 : 3489213.37675 , 541022.52231
103329 : 3489169.91705 , 541072.59218
103330 : 3489163.60814 , 541065.07156
104301 : 3489120.16077 , 541114.97635
104302 : 3489113.91056 , 541107.62709
105301 : 3489063.82127 , 541163.75337
105302 : 3489057.08206 , 541155.91933
105303 : 3489005.99083 , 541213.29522
105304 : 3488999.26893 , 541205.29197
105305 : 3488948.99436 , 541262.08624
105306 : 3488942.21961 , 541254.11860
105307 : 3488896.52497 , 541306.92593
105308 : 3488889.78758 , 541299.04577
105309 : 3488843.67114 , 541352.15145
105310 : 3488836.92149 , 541344.20966
105311 : 3488786.66277 , 541400.96754
105312 : 3488779.93124 , 541393.05274
105313 : 3488754.19461 , 541428.73165
105314 : 3488747.41424 , 541420.85884
105315 : 3488717.35085 , 541460.32081
105316 : 3488710.58937 , 541452.41909
105317 : 3488658.56844 , 541510.61597
105318 : 3488651.81574 , 541502.66080
105319 : 3488604.55161 , 541558.55227
105320 : 3488596.04584 , 541548.63348
105321 : 3488572.69143 , 541589.00592
105322 : 3488561.01946 , 541575.39094
106301 : 3488543.70324 , 541616.72813
106302 : 3488529.12624 , 541599.70015
106303 : 3488489.40685 , 541668.70253
106304 : 3488483.77693 , 541661.17118
106305 : 3488439.07319 , 541716.88835
106306 : 3488414.09301 , 541687.65339
106307 : 3488402.31076 , 541751.99132
106308 : 3488391.43045 , 541740.24850
110323 : 3484468.28961 , 543564.32791
110324 : 3484470.36773 , 543555.25951
110325 : 3484404.51026 , 543547.95280
110326 : 3484406.99981 , 543539.23104
110327 : 3484349.15675 , 543532.68246
110328 : 3484351.75891 , 543523.86244
110329 : 3484286.20609 , 543514.25942
110330 : 3484288.94894 , 543505.36349
111301 : 3484223.85383 , 543495.19322
111302 : 3484226.55911 , 543486.40311
111303 : 3484177.38964 , 543481.13826
111304 : 3484180.14105 , 543472.37839
111305 : 3484113.84124 , 543465.48444
111306 : 3484118.61390 , 543449.65004
111307 : 3484052.24771 , 543444.13661
111308 : 3484055.83793 , 543433.11214
111309 : 3483989.11360 , 543423.39728
111310 : 3483991.63141 , 543414.73796
111311 : 3483941.89395 , 543408.99108
111312 : 3483944.57522 , 543400.19681
111313 : 3483879.39345 , 543389.86793
111314 : 3483882.07491 , 543381.11996
111315 : 3483816.86502 , 543370.76154
111316 : 3483819.55135 , 543361.98184
111317 : 3483754.33058 , 543351.65299
111318 : 3483757.02990 , 543342.87191
111319 : 3483692.54370 , 543332.91983
111320 : 3483695.21303 , 543324.13982
111321 : 3483623.50813 , 543311.63638
111322 : 3483626.20651 , 543302.86990
111323 : 3483554.74145 , 543290.56917
111324 : 3483557.27327 , 543281.91047
111325 : 3483485.98582 , 543269.26840
111326 : 3483488.50889 , 543260.42814
111327 : 3483418.65342 , 543247.27420
111328 : 3483421.66916 , 543238.10148
111329 : 3483362.48257 , 543227.50958
111330 : 3483365.64649 , 543218.38081
111331 : 3483307.13559 , 543206.72428
111332 : 3483310.17012 , 543197.50036
112301 : 3483245.86727 , 543182.23470
112302 : 3483249.18528 , 543173.12594
112303 : 3483193.07607 , 543159.65390
112304 : 3483196.44423 , 543150.58016
112305 : 3483140.55022 , 543135.92625
112306 : 3483144.13473 , 543126.93755
112307 : 3483088.16719 , 543110.92874
112308 : 3483092.51656 , 543102.14343
112309 : 3483034.69953 , 543084.06976
112310 : 3483038.75887 , 543075.28052
112311 : 3482981.09615 , 543055.56252
112312 : 3482985.74672 , 543047.06788
112313 : 3482930.39982 , 543027.28600
112314 : 3482934.92007 , 543018.71431
112315 : 3482873.92624 , 542994.09625
112316 : 3482878.64092 , 542985.62944
112317 : 3482818.08124 , 542959.57073
112318 : 3482823.01235 , 542951.20657
112319 : 3482764.93319 , 542925.00793
112320 : 3482769.84861 , 542916.47326
112321 : 3482716.73611 , 542892.10338
112322 : 3482722.26198 , 542884.16560
112323 : 3482663.41244 , 542853.95493
112324 : 3482669.08870 , 542846.10978
112325 : 3482610.97254 , 542814.51314
112326 : 3482616.86344 , 542806.82315
112327 : 3482559.75064 , 542774.07790
112328 : 3482565.89038 , 542766.34717
112329 : 3482509.37746 , 542732.33882
112330 : 3482515.24832 , 542724.64115
112331 : 3482459.85209 , 542689.31882
112332 : 3482465.88633 , 542681.71061
113301 : 3482411.10037 , 542644.73393
113302 : 3482417.54700 , 542637.70814
113303 : 3482363.57426 , 542599.54744
113304 : 3482370.26203 , 542592.55526
113305 : 3482317.17225 , 542553.14993
113306 : 3482324.04672 , 542546.32548
113307 : 3482272.47162 , 542506.08998
113308 : 3482278.94018 , 542499.04717
113309 : 3482230.71658 , 542460.37455
113310 : 3482237.75661 , 542453.68715
113311 : 3482187.69848 , 542410.97433
113312 : 3482194.85513 , 542404.43836
113313 : 3482145.61404 , 542360.25590
113314 : 3482153.08734 , 542354.12230
113315 : 3482104.88567 , 542308.80451
113316 : 3482112.53567 , 542302.84120
113317 : 3482070.21417 , 542262.90607
113318 : 3482077.86981 , 542256.85052
113319 : 3482031.68973 , 542209.69792
113320 : 3482039.58817 , 542204.08308
113321 : 3481998.87713 , 542162.03620
113322 : 3482007.29171 , 542156.94119
113323 : 3481967.48785 , 542114.19406
113324 : 3481976.08349 , 542109.60282
113325 : 3481938.10670 , 542067.59094
113326 : 3481946.32799 , 542062.42655
113327 : 3481904.20743 , 542011.43412
113328 : 3481912.65724 , 542006.39571
113329 : 3481879.60822 , 541968.44727
113330 : 3481888.15061 , 541963.55053
113331 : 3481848.25387 , 541910.77281
113332 : 3481856.78648 , 541906.17494
114301 : 3481818.19683 , 541852.42745
114302 : 3481826.69250 , 541848.08939
114303 : 3481789.68515 , 541793.41645
114304 : 3481797.88483 , 541789.57571
114305 : 3481765.18806 , 541741.38061
114306 : 3481773.52454 , 541737.48878
114307 : 3481738.04923 , 541681.82957
114308 : 3481746.50665 , 541677.92164
114309 : 3481717.71474 , 541636.76974
114310 : 3481726.23048 , 541632.94058
114311 : 3481690.85127 , 541577.30312
114312 : 3481699.32656 , 541573.36358
114313 : 3481664.10694 , 541517.62539
114314 : 3481672.35106 , 541513.89260
114315 : 3481643.71919 , 541472.74598
114316 : 3481652.05575 , 541468.87555
114317 : 3481620.23482 , 541420.38708
114318 : 3481628.57330 , 541416.49464
114319 : 3481594.75082 , 541364.21136
114320 : 3481603.25660 , 541360.39265
114321 : 3481564.87792 , 541298.04687
114322 : 3481573.34842 , 541294.15826
114323 : 3481534.83980 , 541231.09371
114324 : 3481543.09713 , 541227.40974
114325 : 3481507.92264 , 541171.45929
114326 : 3481516.32163 , 541167.69230
114327 : 3481480.97754 , 541112.08303
114328 : 3481489.44779 , 541108.13423
114329 : 3481458.28339 , 541061.48721
114330 : 3481466.67239 , 541057.72358
114331 : 3481434.65567 , 541009.04375
114332 : 3481443.01948 , 541005.23226
115301 : 3481407.76984 , 540949.48874
115302 : 3481416.07326 , 540945.82851
115303 : 3481380.78644 , 540890.04321
115304 : 3481389.26793 , 540886.15174
115305 : 3481357.22052 , 540837.79409
115306 : 3481365.69564 , 540834.05636
115307 : 3481333.64273 , 540785.57554
115308 : 3481342.15852 , 540781.76038
115309 : 3481306.75574 , 540725.98304
115310 : 3481315.29151 , 540722.16196
115311 : 3481286.46961 , 540681.01124
115312 : 3481294.95488 , 540677.06725
115313 : 3481259.70138 , 540621.35865
115314 : 3481267.96153 , 540617.63107
115315 : 3481239.36174 , 540576.26015
115316 : 3481247.64130 , 540572.63446
115317 : 3481215.70465 , 540524.21537
115318 : 3481224.18511 , 540520.31941
115319 : 3481188.75511 , 540464.48983
115320 : 3481197.28372 , 540460.62739
115321 : 3481168.59863 , 540419.42867
115322 : 3481177.01285 , 540415.71770
115323 : 3481144.89493 , 540367.23615
115324 : 3481153.27086 , 540363.45340
115325 : 3481122.29937 , 540316.78257
115326 : 3481130.45386 , 540312.89559
115327 : 3481098.51706 , 540264.43929
115328 : 3481107.02677 , 540260.60427
115329 : 3481068.70666 , 540198.39684
115330 : 3481077.19609 , 540194.49213
115331 : 3481038.61017 , 540131.35252
115332 : 3481047.01032 , 540127.62423
115333 : 3481014.91950 , 540079.16703
115334 : 3481023.42406 , 540075.29333
116301 : 3480988.02148 , 540019.56659
116302 : 3480996.56622 , 540015.73686
116303 : 3480961.17890 , 539960.07424
116304 : 3480969.68226 , 539956.15035
116305 : 3480934.27478 , 539900.44964
116306 : 3480942.82265 , 539896.65030
116307 : 3480910.67458 , 539848.13072
116308 : 3480919.18415 , 539844.25989
116309 : 3480887.07455 , 539795.85600
116310 : 3480895.45845 , 539792.06760
116311 : 3480861.98431 , 539739.86410
116312 : 3480870.38228 , 539736.09222
116313 : 3480841.53832 , 539694.92682
116314 : 3480850.02780 , 539691.03291
116315 : 3480814.66570 , 539635.42404
116316 : 3480823.17831 , 539631.56230
116317 : 3480787.75515 , 539575.69368
116318 : 3480796.13405 , 539571.90481
116319 : 3480761.94863 , 539521.84997
116320 : 3480770.92157 , 539517.81786
116321 : 3480735.02599 , 539468.23040
116322 : 3480743.74499 , 539463.72585
116323 : 3480706.96985 , 539416.70753
116324 : 3480715.41666 , 539411.67034
116325 : 3480674.28272 , 539361.55633
116326 : 3480682.67744 , 539356.49494
116327 : 3480643.37343 , 539313.21610
116328 : 3480651.46433 , 539307.95826
116329 : 3480605.91966 , 539259.67156
116330 : 3480613.90779 , 539253.97831
116331 : 3480566.52828 , 539207.46704
116332 : 3480574.25281 , 539201.38590
117301 : 3480530.45284 , 539162.82393
117302 : 3480537.91202 , 539156.65842
117303 : 3480488.57681 , 539115.14606
117304 : 3480496.07016 , 539108.77885
117305 : 3480443.73935 , 539067.64059
117306 : 3480450.86203 , 539060.86751
117307 : 3480402.92625 , 539027.29814
117308 : 3480409.76302 , 539020.30420
117309 : 3480360.70443 , 538988.51005
117310 : 3480367.28998 , 538981.21716
117311 : 3480308.95495 , 538944.25807
117312 : 3480315.56540 , 538936.94154
117313 : 3480256.21567 , 538902.76327
117314 : 3480262.44707 , 538895.19412
117315 : 3480201.89778 , 538863.34253
117316 : 3480207.58356 , 538855.38062
117317 : 3480146.26303 , 538826.17874
117318 : 3480151.64269 , 538817.94619
117319 : 3480097.45264 , 538796.14999
117320 : 3480102.55618 , 538787.88924
117321 : 3480010.44488 , 538748.01296
117322 : 3480014.83246 , 538739.27863
117323 : 3479951.67373 , 538719.12406
117324 : 3479955.73549 , 538710.19151
117325 : 3479901.13953 , 538696.51803
117326 : 3479904.92065 , 538687.43179
117327 : 3479840.50981 , 538671.92405
117328 : 3479844.00950 , 538662.73425
117329 : 3479784.31155 , 538651.57048
117330 : 3479788.04249 , 538642.44004
118301 : 3479727.47912 , 538633.14121
118302 : 3479730.42818 , 538623.80328
118303 : 3479669.95203 , 538616.76840
118304 : 3479672.74064 , 538607.32099
118305 : 3479607.94593 , 538601.41757
118306 : 3479609.96088 , 538591.81703
118307 : 3479551.72605 , 538589.74331
118308 : 3479553.54283 , 538580.10361
118309 : 3479495.16573 , 538579.92966
118310 : 3479496.62513 , 538570.19832
118311 : 3479446.21499 , 538572.87741
118312 : 3479447.43487 , 538563.26836
118313 : 3479395.04626 , 538567.32501
118314 : 3479395.94352 , 538557.56412
118315 : 3479329.85542 , 538562.37450
118316 : 3479330.20931 , 538552.53064
118317 : 3479264.45217 , 538559.77857
118318 : 3479264.56771 , 538550.09779
118319 : 3479199.03341 , 538560.00449
118320 : 3479198.78226 , 538550.15493
118321 : 3479133.63708 , 538562.54353
118322 : 3479132.93911 , 538552.74265
118323 : 3479068.15031 , 538566.69132
118324 : 3479067.55493 , 538557.52507
118325 : 3479003.12997 , 538572.41336
118326 : 3479002.28798 , 538563.09992
118327 : 3478945.94023 , 538577.46556
118328 : 3478945.14522 , 538568.14885
118329 : 3478888.76153 , 538582.53079
118330 : 3478887.77963 , 538573.24206
118331 : 3478823.60926 , 538588.26959
118332 : 3478822.78943 , 538578.99763
118333 : 3478758.46408 , 538594.03185
118334 : 3478757.67320 , 538584.74462
119301 : 3478695.31322 , 538599.60648
119302 : 3478694.49438 , 538590.33011
119303 : 3478630.04550 , 538605.23855
119304 : 3478629.36518 , 538596.08688
119305 : 3478564.97185 , 538611.12879
119306 : 3478564.15589 , 538601.82441
119307 : 3478499.75726 , 538616.78945
119308 : 3478498.99330 , 538607.48476
119309 : 3478434.20098 , 538621.54966
119310 : 3478433.73807 , 538612.25334
119311 : 3478368.38122 , 538624.23335
119312 : 3478368.35622 , 538614.90999
119313 : 3478302.57377 , 538624.29241
119314 : 3478302.90576 , 538614.96269
119315 : 3478252.93442 , 538622.74146
119316 : 3478253.46643 , 538612.92368
119317 : 3478197.18661 , 538618.93084
119318 : 3478198.10584 , 538609.16372
119319 : 3478131.73433 , 538611.91320
119320 : 3478133.03169 , 538602.17530
119321 : 3478066.63132 , 538602.26048
119322 : 3478068.35595 , 538592.58281
122307 : 3475643.12350 , 537487.70843
122308 : 3475647.43031 , 537479.03137
122309 : 3475560.68141 , 537447.29659
122310 : 3475564.88166 , 537438.72765
122311 : 3475517.18480 , 537425.99224
122312 : 3475521.39834 , 537417.24932
122313 : 3475458.50439 , 537397.28362
122314 : 3475462.74534 , 537388.64115
122315 : 3475399.85882 , 537368.53401
122316 : 3475404.34366 , 537359.86352
122317 : 3475341.36572 , 537339.90191
122318 : 3475345.63290 , 537331.06887
122319 : 3475282.68518 , 537311.16009
122320 : 3475286.87967 , 537302.40638
122321 : 3475223.98734 , 537282.34607
122322 : 3475228.29755 , 537273.52359
122323 : 3475165.20607 , 537253.42933
122324 : 3475169.70654 , 537244.66495
122325 : 3475106.72472 , 537223.99645
122326 : 3475111.10064 , 537215.34549
122327 : 3475048.44921 , 537193.54186
122328 : 3475053.31956 , 537184.99175
122329 : 3474990.98275 , 537162.10967
122330 : 3474995.72045 , 537153.64863
122331 : 3474934.08184 , 537129.58040
122332 : 3474938.89380 , 537121.18162
123301 : 3474878.64162 , 537095.97976
123302 : 3474883.60811 , 537087.46289
123303 : 3474823.17474 , 537061.97127
123304 : 3474828.31440 , 537053.73971
123305 : 3474768.04576 , 537026.21739
123306 : 3474773.42192 , 537018.10737
123307 : 3474713.85036 , 536989.37160
123308 : 3474719.13176 , 536981.80923
123309 : 3474660.11663 , 536951.94662
123310 : 3474665.44796 , 536944.36937
123311 : 3474613.30581 , 536918.84856
123312 : 3474618.55852 , 536911.36247
123313 : 3474560.00004 , 536881.16461
123314 : 3474565.35567 , 536873.66082
123315 : 3474513.00182 , 536847.96883
123316 : 3474518.47162 , 536840.50518
123317 : 3474466.33006 , 536814.88317
123318 : 3474471.54957 , 536807.35116
123319 : 3474412.98343 , 536776.98875
123320 : 3474418.19858 , 536769.61327
123321 : 3474359.53280 , 536739.34354
123322 : 3474364.87552 , 536731.86042
123323 : 3474306.22388 , 536701.62190
123324 : 3474311.54166 , 536694.15373
123325 : 3474252.84874 , 536663.85025
123326 : 3474258.29383 , 536656.45625
123327 : 3474199.66438 , 536626.01900
123328 : 3474204.92895 , 536618.50103
123329 : 3474146.25087 , 536588.40077
123330 : 3474151.67718 , 536580.81767
123331 : 3474093.05519 , 536550.74029
123332 : 3474098.20133 , 536543.11630
124301 : 3474039.54466 , 536512.87222
124302 : 3474045.04721 , 536505.34468
124303 : 3473986.20773 , 536475.14995
124304 : 3473991.59758 , 536467.69776
124305 : 3473932.92705 , 536437.24235
124306 : 3473938.17229 , 536429.88760
124307 : 3473879.49353 , 536399.62164
124308 : 3473884.83420 , 536392.12763
124309 : 3473832.92937 , 536366.68235
124310 : 3473838.16499 , 536358.93085
124311 : 3473779.37857 , 536328.74881
124312 : 3473784.79086 , 536321.16039
124313 : 3473726.02157 , 536291.01096
124314 : 3473731.45384 , 536283.41502
124315 : 3473672.61028 , 536253.20031
124316 : 3473678.07564 , 536245.62699
124317 : 3473632.41869 , 536224.75212
124318 : 3473637.69732 , 536217.24778
124319 : 3473582.26695 , 536189.25341
124320 : 3473587.74632 , 536181.68230
124321 : 3473535.47204 , 536156.13205
124322 : 3473540.89345 , 536148.57358
124323 : 3473482.07280 , 536118.33334
124324 : 3473487.59036 , 536110.81071
124325 : 3473428.75085 , 536080.60788
124326 : 3473434.09062 , 536073.13578
124327 : 3473375.47800 , 536042.90464
124328 : 3473380.84978 , 536035.43526
124329 : 3473322.11696 , 536005.15421
124330 : 3473327.43488 , 535997.47523
125301 : 3473268.99350 , 535967.54681
125302 : 3473274.36665 , 535959.92201
125303 : 3473220.40625 , 535933.13168
125304 : 3473225.94594 , 535925.64132
125305 : 3473175.21312 , 535901.16850
125306 : 3473180.74571 , 535893.65138
125307 : 3473130.17340 , 535869.30303
125308 : 3473135.62273 , 535861.72340
125309 : 3473083.23519 , 535836.10820
125310 : 3473088.63691 , 535828.62635
125311 : 3473025.07587 , 535794.90531
125312 : 3473030.93109 , 535787.78584
125313 : 3472967.78125 , 535754.35454
125314 : 3472973.70811 , 535747.14605
125315 : 3472911.38728 , 535714.44507
125316 : 3472916.67658 , 535706.85936
125317 : 3472857.98917 , 535676.67856
125318 : 3472863.53155 , 535669.11178
125319 : 3472804.70925 , 535638.95826
125320 : 3472810.09034 , 535631.32091
125321 : 3472751.36119 , 535601.20585
125322 : 3472756.70114 , 535593.53404
125323 : 3472698.01506 , 535563.43253
125324 : 3472703.36104 , 535555.76989
125325 : 3472651.23043 , 535530.13511
125326 : 3472656.55114 , 535522.65052
125327 : 3472604.75623 , 535497.43171
125328 : 3472610.29379 , 535489.90617
125329 : 3472559.29918 , 535465.24375
125330 : 3472564.58908 , 535457.56024
125331 : 3472513.58144 , 535432.88949
125332 : 3472518.93229 , 535425.43753
125333 : 3472466.76052 , 535399.76469
125334 : 3472472.10725 , 535392.28455
126301 : 3472413.43048 , 535362.01708
126302 : 3472418.80868 , 535354.40526
126303 : 3472360.14991 , 535324.13648
126304 : 3472365.35393 , 535316.72847
126305 : 3472306.84889 , 535286.39190
126306 : 3472312.10318 , 535279.04880
126307 : 3472253.33921 , 535248.73363
126308 : 3472258.76950 , 535241.14321
126309 : 3472200.02916 , 535210.98090
126310 : 3472205.42135 , 535203.36700
126311 : 3472146.63705 , 535173.21365
126312 : 3472151.97079 , 535165.73709
126313 : 3472093.48384 , 535135.42242
126314 : 3472098.71615 , 535127.83974
126315 : 3472044.85717 , 535101.15162
126316 : 3472050.21832 , 535093.52929
126317 : 3471996.37632 , 535066.83527
126318 : 3472001.77920 , 535059.38961
126319 : 3471943.04043 , 535029.12230
126320 : 3471948.41455 , 535021.49140
126321 : 3471889.74344 , 534991.38490
126322 : 3471895.11446 , 534983.73141
126323 : 3471836.42844 , 534953.64660
126324 : 3471841.82867 , 534946.04325
126325 : 3471783.18271 , 534915.97180
126326 : 3471788.45321 , 534908.43520
126327 : 3471729.69719 , 534878.10699
126328 : 3471735.11645 , 534870.50953
126329 : 3471676.42764 , 534840.23202
126330 : 3471681.78941 , 534832.76000
127301 : 3471623.13574 , 534802.51569
127302 : 3471628.41637 , 534795.01224
127303 : 3471582.58545 , 534773.89927
127304 : 3471588.17956 , 534766.51110
127305 : 3471529.22734 , 534736.13482
127306 : 3471534.83123 , 534728.93600
127307 : 3471477.38105 , 534699.53647
127308 : 3471482.83744 , 534691.97019
127309 : 3471425.91645 , 534663.10151
127310 : 3471430.98473 , 534655.26997
127311 : 3471374.72698 , 534626.69717
127312 : 3471380.20420 , 534619.33597
127313 : 3471320.78498 , 534588.71908
127314 : 3471326.19617 , 534581.10687
127315 : 3471267.46200 , 534550.98493
127316 : 3471272.99704 , 534543.57771
127317 : 3471214.03665 , 534513.16147
127318 : 3471219.64686 , 534505.79421
127319 : 3471160.81324 , 534475.32034
127320 : 3471166.14997 , 534467.83876
127321 : 3471109.08563 , 534438.88750
127322 : 3471114.45066 , 534431.23365
127323 : 3471055.76865 , 534401.15262
127324 : 3471061.19586 , 534393.54221
127325 : 3471009.15098 , 534368.08784
127326 : 3471014.46756 , 534360.57057
127327 : 3470960.69505 , 534333.75215
127328 : 3470966.00173 , 534326.25834
127329 : 3470907.12174 , 534295.93845
127330 : 3470912.46775 , 534288.28181
127331 : 3470853.79675 , 534258.20171
127332 : 3470859.31567 , 534250.76697
128301 : 3470800.68999 , 534220.51831
128302 : 3470805.97159 , 534213.00794
128303 : 3470753.62796 , 534187.12439
128304 : 3470758.88115 , 534179.75859
128305 : 3470706.65430 , 534154.06587
128306 : 3470712.15879 , 534146.52502
128307 : 3470666.44964 , 534125.60205
128308 : 3470671.79575 , 534117.96991
128309 : 3470618.06204 , 534091.34537
128310 : 3470623.58999 , 534083.91719
128311 : 3470571.21704 , 534058.20391
128312 : 3470576.61312 , 534050.56278
128313 : 3470517.86831 , 534020.52961
128314 : 3470523.36706 , 534013.05369
128315 : 3470463.89294 , 533983.44234
128316 : 3470469.34634 , 533975.39057
128317 : 3470409.14978 , 533947.88693
128318 : 3470414.22472 , 533939.47974
128319 : 3470353.26005 , 533914.41010
128320 : 3470357.75991 , 533905.74402
128321 : 3470302.89885 , 533886.89656
128322 : 3470307.33496 , 533878.29086
128323 : 3470251.57310 , 533861.21943
128324 : 3470255.45469 , 533852.24802
128325 : 3470191.99452 , 533834.19684
128326 : 3470195.52558 , 533825.09705
128327 : 3470131.14398 , 533809.65034
128328 : 3470134.54656 , 533800.43390
128329 : 3470084.73139 , 533792.79643
128330 : 3470087.90556 , 533783.48350
128331 : 3470030.16459 , 533774.99009
128332 : 3470033.16188 , 533765.70848
128333 : 3469967.50907 , 533757.09056
128334 : 3469969.85993 , 533747.71028
129301 : 3469903.87022 , 533741.81887
129302 : 3469905.86161 , 533732.32656
129303 : 3469839.69106 , 533729.17365
129304 : 3469841.27247 , 533719.69082
129305 : 3469775.04373 , 533719.19150
129306 : 3469776.26157 , 533709.57306
129307 : 3469709.98778 , 533711.76156
129308 : 3469710.73378 , 533702.18374
129309 : 3469644.74613 , 533707.10495
129310 : 3469645.18978 , 533697.44488
129311 : 3469579.38133 , 533705.11101
129312 : 3469579.42695 , 533695.44784
129313 : 3469513.70652 , 533705.81612
129314 : 3469513.59466 , 533696.03605
129315 : 3469448.38351 , 533709.16805
129316 : 3469447.61153 , 533699.36620
129317 : 3469383.24536 , 533715.18177
129318 : 3469382.03258 , 533705.43297
129319 : 3469334.18614 , 533721.50814
129320 : 3469332.67648 , 533711.79335
129321 : 3469269.63404 , 533732.19178
129322 : 3469267.70472 , 533722.56372
129323 : 3469207.69741 , 533744.92596
129324 : 3469205.42405 , 533735.53749
129325 : 3469144.14188 , 533760.64465
129326 : 3469141.35357 , 533751.27475
129327 : 3469080.73230 , 533777.82323
129328 : 3469078.24179 , 533768.89002
129329 : 3469018.01608 , 533795.81892
129330 : 3469015.50003 , 533786.99906
130301 : 3468954.97725 , 533813.91298
130302 : 3468952.38565 , 533804.95795
130303 : 3468892.07014 , 533831.93687
130304 : 3468889.46259 , 533822.99584
130305 : 3468829.14727 , 533850.01846
130306 : 3468827.73528 , 533840.71191
130307 : 3468766.29806 , 533868.01922
130308 : 3468763.75406 , 533859.21192
130309 : 3468703.18472 , 533885.98890
130310 : 3468700.84648 , 533877.12022
130311 : 3468664.54974 , 533897.66778
130312 : 3468661.78671 , 533887.87203
130313 : 3468616.47118 , 533911.50505
130314 : 3468613.57587 , 533901.40016
130315 : 3468568.14074 , 533925.37787
130316 : 3468565.36537 , 533914.27396
130317 : 3468524.69863 , 533937.80783
130318 : 3468521.41219 , 533924.97514
130319 : 3468475.96669 , 533951.31586
130320 : 3468472.87183 , 533935.67940
130321 : 3468427.23709 , 533963.92396
130322 : 3468426.14518 , 533957.08752
130323 : 3468382.84730 , 533974.23625
130324 : 3468381.66056 , 533967.44146
130325 : 3468338.22260 , 533983.34437
130326 : 3468337.40753 , 533976.46613
130327 : 3468298.37118 , 533990.26477
130328 : 3468297.83128 , 533983.42604
130329 : 3468218.08869 , 534001.25566
130330 : 3468217.53386 , 533994.43412
130331 : 3468142.77802 , 534008.47186
130332 : 3468142.66549 , 534001.47406
130333 : 3468103.72952 , 534012.42016
130334 : 3468103.02096 , 534004.93149
130335 : 3468023.21946 , 534018.36726
130336 : 3468023.01865 , 534010.56425
131301 : 3467967.45388 , 534022.46501
131302 : 3467966.85995 , 534014.88268
131303 : 3467917.22701 , 534025.94326
131304 : 3467917.48754 , 534018.46540
131305 : 3467872.98437 , 534029.42005
131306 : 3467872.51974 , 534021.66517
131307 : 3467826.67952 , 534034.09278
131308 : 3467825.70677 , 534026.55784
131309 : 3467787.04452 , 534039.15359
131310 : 3467785.93480 , 534033.09757
131311 : 3467708.89205 , 534058.22356
131312 : 3467707.01229 , 534052.16788
131313 : 3467637.23784 , 534084.40574
131314 : 3467635.07186 , 534078.29872
131315 : 3467564.43692 , 534120.73357
131316 : 3467561.61712 , 534114.92173
131317 : 3467527.46668 , 534143.61718
131318 : 3467524.00922 , 534138.14133
131319 : 3467465.02424 , 534190.01510
131320 : 3467461.43713 , 534185.11841
131321 : 3467412.77191 , 534238.30351
131322 : 3467408.68445 , 534233.81482
131323 : 3467362.79353 , 534295.38577
131324 : 3467358.04043 , 534291.23963
131325 : 3467337.13961 , 534330.25788
131326 : 3467332.24582 , 534326.43416
131327 : 3467313.44537 , 534366.99311
131328 : 3467308.42991 , 534363.49740
131329 : 3467290.93841 , 534407.46636
131330 : 3467285.72887 , 534404.44218
131331 : 3467257.61246 , 534483.13485
131332 : 3467251.90726 , 534480.69015
131333 : 3467243.47128 , 534524.94252
131334 : 3467237.72748 , 534522.84274
132301 : 3467231.23646 , 534568.29071
132302 : 3467225.39137 , 534566.11972
132303 : 3467218.79513 , 534616.66850
132304 : 3467212.77307 , 534614.75273
132305 : 3467206.35813 , 534665.12846
132306 : 3467200.43780 , 534663.14421
132307 : 3467193.86490 , 534713.53115
132308 : 3467188.20092 , 534711.62982
132309 : 3467180.21342 , 534766.79074
132310 : 3467174.46092 , 534765.00972
QD : 3500364.41525 , 523702.40091
JD20 : 3500808.72984 , 532836.14193
JD21 : 3497266.49232 , 535103.26219
JD22 : 3495956.83215 , 536417.94108
JD23 : 3494643.43035 , 537234.19990
JD24 : 3492528.51209 , 538704.64075
JD25 : 3490765.85889 , 539620.50428
JD26 : 3489502.59745 , 540784.74698
JD27 : 3485781.61463 , 543968.98611
JD28 : 3482291.28083 , 542901.94704
JD29 : 3480285.51733 , 538456.58448
JD30 : 3478030.66348 , 538655.90056
JD31 : 3474909.00506 , 537125.22503
JD32 : 3469859.91883 , 533551.77243
JD33 : 3468322.96303 , 533992.68119
JD34 : 3467358.09029 , 534062.78435
JD35 : 3467091.53230 , 535100.34535
JD36 : 3466659.35793 , 535813.89789
JD37 : 3465348.10488 , 539403.01753
ZD : 3465130.28085 , 540420.20754
