0.0000 -264.0000 1788.0000
50.0000 -264.0000 1788.0000
100.0000 -264.0000 1788.0000
150.0000 -264.0000 1788.0000
200.0000 -264.0000 1788.0000
250.0000 -264.0000 1788.0000
300.0000 -264.0000 1788.0000
-50.0000 -264.0000 1788.0000
-100.0000 -264.0000 1788.0000
-150.0000 -264.0000 1788.0000
-200.0000 -264.0000 1788.0000
-250.0000 -264.0000 1788.0000
-300.0000 -264.0000 1788.0000
0.0000 -314.0000 1788.0000
0.0000 -364.0000 1788.0000
0.0000 -414.0000 1788.0000
0.0000 -464.0000 1788.0000
0.0000 -514.0000 1788.0000
0.0000 -564.0000 1788.0000
0.0000 -614.0000 1788.0000
0.0000 -664.0000 1788.0000
0.0000 -714.0000 1788.0000
0.0000 -764.0000 1788.0000
0.0000 -814.0000 1788.0000
0.0000 -214.0000 1788.0000
0.0000 -164.0000 1788.0000
0.0000 -114.0000 1788.0000
0.0000 -64.0000 1788.0000
0.0000 -14.0000 1788.0000
0.0000 36.0000 1788.0000
0.0000 -264.0000 3013.0000
50.0000 -264.0000 3013.0000
100.0000 -264.0000 3013.0000
150.0000 -264.0000 3013.0000
200.0000 -264.0000 3013.0000
250.0000 -264.0000 3013.0000
300.0000 -264.0000 3013.0000
-50.0000 -264.0000 3013.0000
-100.0000 -264.0000 3013.0000
-150.0000 -264.0000 3013.0000
-200.0000 -264.0000 3013.0000
-250.0000 -264.0000 3013.0000
-300.0000 -264.0000 3013.0000
0.0000 -314.0000 3013.0000
0.0000 -364.0000 3013.0000
0.0000 -414.0000 3013.0000
0.0000 -464.0000 3013.0000
0.0000 -514.0000 3013.0000
0.0000 -564.0000 3013.0000
0.0000 -614.0000 3013.0000
0.0000 -664.0000 3013.0000
0.0000 -714.0000 3013.0000
0.0000 -764.0000 3013.0000
0.0000 -814.0000 3013.0000
0.0000 -214.0000 3013.0000
0.0000 -164.0000 3013.0000
0.0000 -114.0000 3013.0000
0.0000 -64.0000 3013.0000
0.0000 -14.0000 3013.0000
0.0000 36.0000 3013.0000
0.0000 -264.0000 4190.2000
50.0000 -264.0000 4190.2000
100.0000 -264.0000 4190.2000
150.0000 -264.0000 4190.2000
200.0000 -264.0000 4190.2000
250.0000 -264.0000 4190.2000
300.0000 -264.0000 4190.2000
-50.0000 -264.0000 4190.2000
-100.0000 -264.0000 4190.2000
-150.0000 -264.0000 4190.2000
-200.0000 -264.0000 4190.2000
-250.0000 -264.0000 4190.2000
-300.0000 -264.0000 4190.2000
0.0000 -314.0000 4190.2000
0.0000 -364.0000 4190.2000
0.0000 -414.0000 4190.2000
0.0000 -464.0000 4190.2000
0.0000 -514.0000 4190.2000
0.0000 -564.0000 4190.2000
0.0000 -614.0000 4190.2000
0.0000 -664.0000 4190.2000
0.0000 -714.0000 4190.2000
0.0000 -764.0000 4190.2000
0.0000 -814.0000 4190.2000
0.0000 -214.0000 4190.2000
0.0000 -164.0000 4190.2000
0.0000 -114.0000 4190.2000
0.0000 -64.0000 4190.2000
0.0000 -14.0000 4190.2000
0.0000 36.0000 4190.2000
0.0000 -264.0000 5401.7000
50.0000 -264.0000 5401.7000
100.0000 -264.0000 5401.7000
150.0000 -264.0000 5401.7000
200.0000 -264.0000 5401.7000
250.0000 -264.0000 5401.7000
300.0000 -264.0000 5401.7000
-50.0000 -264.0000 5401.7000
-100.0000 -264.0000 5401.7000
-150.0000 -264.0000 5401.7000
-200.0000 -264.0000 5401.7000
-250.0000 -264.0000 5401.7000
-300.0000 -264.0000 5401.7000
0.0000 -314.0000 5401.7000
0.0000 -364.0000 5401.7000
0.0000 -414.0000 5401.7000
0.0000 -464.0000 5401.7000
0.0000 -514.0000 5401.7000
0.0000 -564.0000 5401.7000
0.0000 -614.0000 5401.7000
0.0000 -664.0000 5401.7000
0.0000 -714.0000 5401.7000
0.0000 -764.0000 5401.7000
0.0000 -814.0000 5401.7000
0.0000 -214.0000 5401.7000
0.0000 -164.0000 5401.7000
0.0000 -114.0000 5401.7000
0.0000 -64.0000 5401.7000
0.0000 -14.0000 5401.7000
0.0000 36.0000 5401.7000
0.0000 -264.0000 6626.8000
50.0000 -264.0000 6626.8000
100.0000 -264.0000 6626.8000
150.0000 -264.0000 6626.8000
200.0000 -264.0000 6626.8000
250.0000 -264.0000 6626.8000
300.0000 -264.0000 6626.8000
-50.0000 -264.0000 6626.8000
-100.0000 -264.0000 6626.8000
-150.0000 -264.0000 6626.8000
-200.0000 -264.0000 6626.8000
-250.0000 -264.0000 6626.8000
-300.0000 -264.0000 6626.8000
0.0000 -314.0000 6626.8000
0.0000 -364.0000 6626.8000
0.0000 -414.0000 6626.8000
0.0000 -464.0000 6626.8000
0.0000 -514.0000 6626.8000
0.0000 -564.0000 6626.8000
0.0000 -614.0000 6626.8000
0.0000 -664.0000 6626.8000
0.0000 -714.0000 6626.8000
0.0000 -764.0000 6626.8000
0.0000 -814.0000 6626.8000
0.0000 -214.0000 6626.8000
0.0000 -164.0000 6626.8000
0.0000 -114.0000 6626.8000
0.0000 -64.0000 6626.8000
0.0000 -14.0000 6626.8000
0.0000 36.0000 6626.8000
0.0000 -264.0000 7804.3000
50.0000 -264.0000 7804.3000
100.0000 -264.0000 7804.3000
150.0000 -264.0000 7804.3000
200.0000 -264.0000 7804.3000
250.0000 -264.0000 7804.3000
300.0000 -264.0000 7804.3000
-50.0000 -264.0000 7804.3000
-100.0000 -264.0000 7804.3000
-150.0000 -264.0000 7804.3000
-200.0000 -264.0000 7804.3000
-250.0000 -264.0000 7804.3000
-300.0000 -264.0000 7804.3000
0.0000 -314.0000 7804.3000
0.0000 -364.0000 7804.3000
0.0000 -414.0000 7804.3000
0.0000 -464.0000 7804.3000
0.0000 -514.0000 7804.3000
0.0000 -564.0000 7804.3000
0.0000 -614.0000 7804.3000
0.0000 -664.0000 7804.3000
0.0000 -714.0000 7804.3000
0.0000 -764.0000 7804.3000
0.0000 -814.0000 7804.3000
0.0000 -214.0000 7804.3000
0.0000 -164.0000 7804.3000
0.0000 -114.0000 7804.3000
0.0000 -64.0000 7804.3000
0.0000 -14.0000 7804.3000
0.0000 36.0000 7804.3000
