1.146365034155755970098303429259e-29 -2.970935882980534018855690257175e-25 1.598102464499558263582617285652e-21 1.523761698703545841106602983608e-17 -1.647449403285061742322489751510e-13 2.507752500588100828042772113196e-10 1.132405547892192992088231974501e-06 3.949826243359926859766151352460e-03 -2.425665153193278911203378811479e+01 
4.933892592174796925489736310176e-29 -1.855382097414639867261027378423e-24 2.169625570230966773813502599898e-20 1.327653445865589192789054752017e-17 -2.431171624784115309959821633535e-12 2.266101652992113498091445800489e-08 -9.545042514406313174154389278314e-05 1.967531310575847958155293326854e-01 -1.627455748835834299370617372915e+02 
-1.981621400979837766983559937109e-29 7.341671660805226295345064485296e-25 -8.554154047283547251066436089856e-21 -4.782815909015707882255910656856e-18 9.648553973404523282157755484665e-13 -9.102977607490937693124944697903e-09 3.407319862700357483578997297435e-05 -5.153244790319650575627363764397e-02 2.049598350627447551630666566780e+00 1.812546213763710672386026348090e-29 -2.860525920691576654169450624760e-25 5.934417917299996326263411782615e-22 -8.884828094796678218000062729916e-19 5.433984891250685701981072819236e-14 3.762821429517134144530310867725e-09 -8.221177718070167377267115638162e-05 2.642939153768500970542731920432e-01 2.160890780403945754528649558779e+01 
1.812546213763710672386026348090e-29 -2.860525920691576654169450624760e-25 5.934417917299996326263411782615e-22 -8.884828094796678218000062729916e-19 5.433984891250685701981072819236e-14 3.762821429517134144530310867725e-09 -8.221177718070167377267115638162e-05 2.642939153768500970542731920432e-01 2.160890780403945754528649558779e+01 
1.812546213763710672386026348090e-29 -2.860525920691576654169450624760e-25 5.934417917299996326263411782615e-22 -8.884828094796678218000062729916e-19 5.433984891250685701981072819236e-14 3.762821429517134144530310867725e-09 -8.221177718070167377267115638162e-05 2.642939153768500970542731920432e-01 2.160890780403945754528649558779e+01 
1.812546213763710672386026348090e-29 -2.860525920691576654169450624760e-25 5.934417917299996326263411782615e-22 -8.884828094796678218000062729916e-19 5.433984891250685701981072819236e-14 3.762821429517134144530310867725e-09 -8.221177718070167377267115638162e-05 2.642939153768500970542731920432e-01 2.160890780403945754528649558779e+01 
1.812546213763710672386026348090e-29 -2.860525920691576654169450624760e-25 5.934417917299996326263411782615e-22 -8.884828094796678218000062729916e-19 5.433984891250685701981072819236e-14 3.762821429517134144530310867725e-09 -8.221177718070167377267115638162e-05 2.642939153768500970542731920432e-01 2.160890780403945754528649558779e+01 
1.826278978211851618648344044952e-29 -2.913651312534697653613501898516e-25 6.799076151248255915497414941766e-22 -1.659800423677632854552511903345e-18 5.845455079631803342103707399931e-14 3.749408286397671253057175161675e-09 -8.218573352680777607728174194435e-05 1.264266423710056930218570414581e+00 2.162096544274647413885759306140e+01 
1.826278978211851618648344044952e-29 -2.913651312534697653613501898516e-25 6.799076151248255915497414941766e-22 -1.659800423677632854552511903345e-18 5.845455079631803342103707399931e-14 3.749408286397671253057175161675e-09 -8.218573352680777607728174194435e-05 1.264266423710056930218570414581e+00 2.162096544274647413885759306140e+01 
-2.028269841946763786551741822587e-26 -6.431034586173200904950311706886e-23 -8.353066035550831654943045277433e-20 -5.750864324515934922940900129667e-17 -2.270714584733922556701619435018e-14 -5.199027175605631409275104250551e-12 -6.634725248016170292752753572863e-10 -4.216912399344159438605602989447e-08 2.419999990210927194311807397753e+02 
5.025941009663989932121500304651e-24 5.844293037014018523847370567101e-21 1.515884424929214848040722873471e-18 2.635841073034910364465424814686e-16 2.420000000000000000000000000000e+02 
0.000000000000000000000000000000e+00 0.000000000000000000000000000000e+00 0.000000000000000000000000000000e+00 0.000000000000000000000000000000e+00 0.000000000000000000000000000000e+00 
-1.211699982021336193356201153809e-13 5.471589193651703826812406148816e-09 -8.837715662469328799146633945938e-05 1.273645150736469222607638585032e+00 1.667204862024773603934590937570e+01 
-1.211699982021336193356201153809e-13 5.471589193651703826812406148816e-09 -8.837715662469328799146633945938e-05 1.273645150736469222607638585032e+00 1.667204862024773603934590937570e+01 
5.025941009663989932121500304651e-24 5.844293037014018523847370567101e-21 1.515884424929214848040722873471e-18 2.635841073034910364465424814686e-16 2.420000000000000000000000000000e+02 
5.025941009663989932121500304651e-24 5.844293037014018523847370567101e-21 1.515884424929214848040722873471e-18 2.635841073034910364465424814686e-16 2.420000000000000000000000000000e+02 
-1.211699982021336193356201153809e-13 5.471589193651703826812406148816e-09 -8.837715662469328799146633945938e-05 1.273645150736469222607638585032e+00 1.667204862024773603934590937570e+01 
-1.211699982021336193356201153809e-13 5.471589193651703826812406148816e-09 -8.837715662469328799146633945938e-05 1.273645150736469222607638585032e+00 1.667204862024773603934590937570e+01 
-7.867714678957561224894848310094e-10 8.291711544035496722886841025613e-06 4.679857379301301001676624546910e-06 1.023630017836062444658296044508e+00 1.956059920192694621260409704178e-03 
-7.867714678957561224894848310094e-10 8.291711544035496722886841025613e-06 4.679857379301301001676624546910e-06 1.023630017836062444658296044508e+00 1.956059920192694621260409704178e-03 
-2.850097103905750660921947576927e-16 -2.037981893219901070728246315261e-11 1.043561689353623918305196952407e-12 1.027837654835719271271838454185e-07 -1.939359410865163370161497842156e-09 -1.157018482824174223895855040389e-04 5.743308949230232754630271624352e-06 1.040581090177262080231912477757e+00 1.643763388482387876807222504283e-03 
7.985366205031273566218650673596e-19 -1.547739125542314282582635015035e-14 -8.030392050558550146639096697991e-15 9.921011407506881225649038802815e-11 2.662823536299713048705204532378e-11 -2.015027640632873293136015065488e-07 -3.542814102656860447073148634792e-08 1.674998034593148303703774582019e-04 2.042429098507266617976499412102e-05 9.703954360987595562093588341668e-01 8.037128691465899232512781757976e-04 
-7.867714678957561224894848310094e-10 8.291711544035496722886841025613e-06 4.679857379301301001676624546910e-06 1.023630017836062444658296044508e+00 1.956059920192694621260409704178e-03 
