-1.701743749154249243834394351926e-28 9.380590529380341873176537625439e-25 9.608584739200333590672208833817e-21 8.677214971576662825410113581502e-18 -5.033312323851640681415967199083e-13 -2.779309487503492390414968458306e-09 4.905407499272637232611352087197e-05 8.024019161463781246723669937637e-01 2.573941004405461399073828943074e+02 
-1.701743749154249243834394351926e-28 9.380590529380341873176537625439e-25 9.608584739200333590672208833817e-21 8.677214971576662825410113581502e-18 -5.033312323851640681415967199083e-13 -2.779309487503492390414968458306e-09 4.905407499272637232611352087197e-05 8.024019161463781246723669937637e-01 2.573941004405461399073828943074e+02 
-1.701743749154249243834394351926e-28 9.380590529380341873176537625439e-25 9.608584739200333590672208833817e-21 8.677214971576662825410113581502e-18 -5.033312323851640681415967199083e-13 -2.779309487503492390414968458306e-09 4.905407499272637232611352087197e-05 8.024019161463781246723669937637e-01 2.573941004405461399073828943074e+02 
-1.701743749154249243834394351926e-28 9.380590529380341873176537625439e-25 9.608584739200333590672208833817e-21 8.677214971576662825410113581502e-18 -5.033312323851640681415967199083e-13 -2.779309487503492390414968458306e-09 4.905407499272637232611352087197e-05 8.024019161463781246723669937637e-01 2.573941004405461399073828943074e+02 
-1.701743749154249243834394351926e-28 9.380590529380341873176537625439e-25 9.608584739200333590672208833817e-21 8.677214971576662825410113581502e-18 -5.033312323851640681415967199083e-13 -2.779309487503492390414968458306e-09 4.905407499272637232611352087197e-05 8.024019161463781246723669937637e-01 2.573941004405461399073828943074e+02 
-1.701743749154249243834394351926e-28 9.380590529380341873176537625439e-25 9.608584739200333590672208833817e-21 8.677214971576662825410113581502e-18 -5.033312323851640681415967199083e-13 -2.779309487503492390414968458306e-09 4.905407499272637232611352087197e-05 8.024019161463781246723669937637e-01 2.573941004405461399073828943074e+02 
-1.701743749154249243834394351926e-28 9.380590529380341873176537625439e-25 9.608584739200333590672208833817e-21 8.677214971576662825410113581502e-18 -5.033312323851640681415967199083e-13 -2.779309487503492390414968458306e-09 4.905407499272637232611352087197e-05 8.024019161463781246723669937637e-01 2.573941004405461399073828943074e+02 
-1.701743749154249243834394351926e-28 9.380590529380341873176537625439e-25 9.608584739200333590672208833817e-21 8.677214971576662825410113581502e-18 -5.033312323851640681415967199083e-13 -2.779309487503492390414968458306e-09 4.905407499272637232611352087197e-05 8.024019161463781246723669937637e-01 2.573941004405461399073828943074e+02 
-1.701743749154249243834394351926e-28 9.380590529380341873176537625439e-25 9.608584739200333590672208833817e-21 8.677214971576662825410113581502e-18 -5.033312323851640681415967199083e-13 -2.779309487503492390414968458306e-09 4.905407499272637232611352087197e-05 8.024019161463781246723669937637e-01 2.573941004405461399073828943074e+02 
-1.701743749154249243834394351926e-28 9.380590529380341873176537625439e-25 9.608584739200333590672208833817e-21 8.677214971576662825410113581502e-18 -5.033312323851640681415967199083e-13 -2.779309487503492390414968458306e-09 4.905407499272637232611352087197e-05 8.024019161463781246723669937637e-01 2.573941004405461399073828943074e+02 
-3.070055263340460474428839584720e-13 6.063263823432544424942786321286e-09 -2.625980442880293820573887886294e-05 1.005026743327891658452699630288e+00 8.448798236893908608635683776811e+01 
-5.429690819128182824224775074257e-13 1.107030035633489471220930022276e-08 -6.263052331848568824498174612003e-05 1.108827693407344883169685090252e+00 -1.237943652594702825808781199157e+01 
