9.32869 -4.27035 2325.28
9.32817 -4.2699 2325.3
9.32952 -4.27454 2325.3
9.3289 -4.26964 2325.29
9.3298 -4.26938 2325.29
5.2971 -6.17289 2951.06
5.2949 -6.16421 2951.07
5.29603 -6.16664 2951.13
5.29489 -6.16826 2951.09
5.29356 -6.16112 2951.09
0.939855 -8.01088 3491.86
0.942095 -8.01727 3491.86
0.941984 -8.00927 3491.88
0.945172 -7.99799 3491.87
0.944943 -8.01497 3491.85
-3.00265 -8.45712 4029.86
-2.99901 -8.45195 4029.69
-2.99897 -8.45127 4029.83
-2.99613 -8.46746 4029.71
-3.00017 -8.45693 4029.94
-1.62316 -9.16904 4562.91
-1.61718 -9.17014 4562.75
-1.62863 -9.15978 4562.69
-1.62175 -9.15444 4562.89
-1.64198 -9.16075 4562.82
-7.33387 -10.6298 5067.07
-7.32774 -10.6374 5066.95
-7.32095 -10.6363 5067.07
-7.30668 -10.6171 5066.64
-7.32053 -10.641 5067.06
-9.47131 -11.7992 5602.55
-9.46034 -11.8183 5602.05
-9.46206 -11.8129 5602.03
-9.47649 -11.8086 5601.92
-9.47216 -11.8108 5601.88
-9.94514 -13.2865 6115.39
-9.9554 -13.2621 6115.19
-9.93984 -13.2757 6115.72
-9.94792 -13.2643 6115.66
-9.95522 -13.2429 6115.03
-12.3738 -13.6088 6534.85
-12.3696 -13.609 6534.55
-12.3539 -13.6236 6534.68
-12.3464 -13.5832 6535.32
-12.3646 -13.6172 6534.2
-14.4302 -12.4752 7083.4
-14.4207 -12.5025 7083.18
-14.4344 -12.5027 7083.27
-14.427 -12.4856 7082.7
-14.4116 -12.4523 7082.8
-19.4387 -12.9516 7664.34
-19.4346 -12.9574 7664.61
-19.4136 -12.9076 7663.25
-19.401 -12.8715 7664.17
-19.4551 -12.907 7661.85
-22.3817 -13.7105 8018.79
-22.3802 -13.7019 8019.73
-22.3865 -13.7191 8019.63
-22.3875 -13.7234 8019.18
-22.4006 -13.7171 8019.7
-22.4996 -16.7396 8547.23
-22.5044 -16.7493 8547.04
-22.4999 -16.7367 8546.03
-22.5271 -16.7388 8547.35
-22.5264 -16.7555 8547.07
-27.1103 -18.1421 9069.29
-27.1241 -18.1694 9070.55
-27.1181 -18.1959 9070.87
-27.1457 -18.2216 9071.01
-27.1133 -18.1496 9070.31
-28.702 -19.0868 9530.78
-28.7047 -19.0281 9532.03
-28.7328 -19.0592 9531.59
-28.6866 -19.0521 9529.52
-28.7007 -19.1218 9528.82
-28.926 -20.5579 10008
-28.9456 -20.6154 10009.7
-28.9508 -20.6195 10006.6
-28.9455 -20.558 10010
-28.9383 -20.5937 10008.6
-29.8926 -22.1173 10718.7
-29.8893 -22.1073 10718.6
-29.8834 -22.0554 10719
-29.8639 -22.1348 10719.3
-29.9 -22.055 10719.3
-33.4071 -21.6394 11297.6
-33.4065 -21.6392 11298.4
-33.4034 -21.5792 11299.5
-33.4421 -21.641 11300.7
-33.4065 -21.6697 11302
