-6.48955688990689590740797376636325701931e-37
1.51962827980884578894687013905935901758e-32
-9.13391088080168593538861211337720868778e-30
-1.51320302545211233729344037212379359156e-24
-4.11718713274412526031233819248231031310e-21
1.63509538395160703914051915738083594350e-16
6.49193714769906795313032408333740879715e-13
-2.16377060073581657983950990095656230494e-08
1.28710481822312170462063729559076818987e-04
-3.11667761327293346695910258858930319548e-01
2.71420783651544070380623452365398406982e+02
